MIN=0	-3	-1000	0	
MAX=320	3	1000	5	
SCALE=100	1	500	1	
DEC=1	3	0	3	
DEF="Zeit" t / s	"Strom" I_A1 / A	"Magn. Flussdichte" B_B1 / mT	"Frequenz" f / Hz	
0	0	-0,5	NAN	
0,1	-0,0015	-1	NAN	
0,201	0,0015	-0,5	NAN	
0,301	0,0015	-0,5	NAN	
0,401	0	-0,5	NAN	
0,501	0,0015	-0,5	NAN	
0,601	-0,0015	-0,5	NAN	
0,701	0,0015	0	NAN	
0,801	0,0015	-0,5	NAN	
0,901	0	0	NAN	
1,001	0	-0,5	NAN	
1,101	-0,0015	-0,5	NAN	
1,201	-0,0015	-0,5	NAN	
1,301	0	-1	NAN	
1,401	0	0	NAN	
1,501	0,0015	-0,5	NAN	
1,601	0	-0,5	NAN	
1,701	-0,0015	-0,5	NAN	
1,801	-0,051	-9	NAN	
1,901	-0,1155	-26,5	NAN	
2,001	-0,177	-50,5	NAN	
2,101	-0,2145	-67,5	NAN	
2,201	-0,264	-88,5	NAN	
2,301	-0,2985	-105,5	NAN	
2,401	-0,321	-118,5	NAN	
2,501	-0,3495	-131	NAN	
2,601	-0,375	-143,5	NAN	
2,701	-0,4005	-155	NAN	
2,801	-0,435	-170,5	NAN	
2,901	-0,4965	-196	NAN	
3,001	-0,5385	-218,5	NAN	
3,101	-0,5685	-234	NAN	
3,201	-0,603	-249,5	NAN	
3,301	-0,6435	-267,5	NAN	
3,401	-0,6975	-288,5	NAN	
3,501	-0,7185	-301,5	NAN	
3,601	-0,7395	-312	NAN	
3,701	-0,759	-321,5	NAN	
3,801	-0,7995	-334,5	NAN	
3,901	-0,837	-350,5	NAN	
4,001	-0,852	-358	NAN	
4,101	-0,885	-369,5	NAN	
4,201	-0,9045	-379,5	NAN	
4,301	-0,9195	-386,5	NAN	
4,401	-0,9345	-392	NAN	
4,501	-0,9645	-401,5	NAN	
4,601	-0,9885	-411,5	NAN	
4,701	-1,026	-424,5	NAN	
4,801	-1,0635	-438,5	NAN	
4,901	-1,0875	-448	NAN	
5,001	-1,101	-454,5	NAN	
5,101	-1,11	-459	NAN	
5,201	-1,116	-461,5	NAN	
5,301	-1,1205	-463,5	NAN	
5,401	-1,119	-464,5	NAN	
5,501	-1,1235	-465,5	NAN	
5,601	-1,1235	-466	NAN	
5,701	-1,125	-466,5	NAN	
5,801	-1,125	-466,5	NAN	
5,901	-1,1265	-467	NAN	
6,001	-1,1265	-467	NAN	
6,101	-1,1265	-467	NAN	
6,201	-1,1265	-467	NAN	
6,301	-1,1265	-467	NAN	
6,401	-1,1265	-467	NAN	
6,501	-1,128	-467	NAN	
6,601	-1,1265	-467	NAN	
6,701	-1,128	-467	NAN	
6,801	-1,1265	-467	NAN	
6,901	-1,128	-467	NAN	
7,001	-1,1265	-467	NAN	
7,101	-1,128	-467,5	NAN	
7,201	-1,128	-467,5	NAN	
7,301	-1,1265	-467	NAN	
7,401	-1,1265	-467,5	NAN	
7,501	-1,128	-467	NAN	
7,601	-1,1265	-467,5	NAN	
7,701	-1,1265	-467	NAN	
7,801	-1,128	-467	NAN	
7,901	-1,1265	-467,5	NAN	
8,001	-1,1265	-467	NAN	
8,101	-1,1265	-467	NAN	
8,201	-1,128	-467	NAN	
8,301	-1,128	-467,5	NAN	
8,401	-1,128	-467,5	NAN	
8,501	-1,1265	-467,5	NAN	
8,601	-1,1265	-467,5	NAN	
8,701	-1,1265	-467,5	NAN	
8,801	-1,1265	-467	NAN	
8,901	-1,1265	-467	NAN	
9,001	-1,1325	-467,5	NAN	
9,101	-1,146	-472	NAN	
9,201	-1,1805	-481	NAN	
9,301	-1,221	-494	NAN	
9,401	-1,254	-506	NAN	
9,501	-1,2825	-516	NAN	
9,601	-1,302	-524	NAN	
9,701	-1,326	-532	NAN	
9,801	-1,35	-539,5	NAN	
9,901	-1,3785	-548,5	NAN	
10,001	-1,4025	-557	NAN	
10,101	-1,419	-563,5	NAN	
10,201	-1,4295	-568	NAN	
10,301	-1,4385	-571	NAN	
10,401	-1,443	-573,5	NAN	
10,501	-1,446	-575	NAN	
10,601	-1,4565	-577,5	NAN	
10,701	-1,4655	-580	NAN	
10,801	-1,476	-583,5	NAN	
10,901	-1,4895	-587,5	NAN	
11,001	-1,5	-591	NAN	
11,101	-1,5075	-594	NAN	
11,201	-1,527	-598,5	NAN	
11,301	-1,539	-602,5	NAN	
11,401	-1,551	-606,5	NAN	
11,501	-1,557	-610	NAN	
11,601	-1,5675	-612,5	NAN	
11,701	-1,5765	-615,5	NAN	
11,801	-1,5855	-618	NAN	
11,901	-1,596	-621	NAN	
12,001	-1,6035	-624	NAN	
12,101	-1,611	-626	NAN	
12,201	-1,6155	-628,5	NAN	
12,301	-1,6245	-630,5	NAN	
12,401	-1,632	-633,5	NAN	
12,501	-1,6425	-635	NAN	
12,601	-1,6515	-638	NAN	
12,701	-1,659	-641	NAN	
12,801	-1,6665	-643	NAN	
12,901	-1,6755	-646	NAN	
13,001	-1,683	-648,5	NAN	
13,101	-1,689	-650,5	NAN	
13,201	-1,6935	-652	NAN	
13,301	-1,695	-653	NAN	
13,401	-1,7055	-655	NAN	
13,501	-1,713	-658	NAN	
13,601	-1,7205	-660	NAN	
13,701	-1,731	-662,5	NAN	
13,801	-1,743	-666	NAN	
13,901	-1,752	-668,5	NAN	
14,001	-1,761	-671	NAN	
14,101	-1,7685	-674	NAN	
14,201	-1,7775	-676,5	NAN	
14,301	-1,785	-679	NAN	
14,401	-1,7925	-681	NAN	
14,501	-1,7955	-682,5	NAN	
14,601	-1,8	-683,5	NAN	
14,701	-1,8075	-686	NAN	
14,801	-1,815	-688	NAN	
14,901	-1,8225	-690,5	NAN	
15,001	-1,83	-692,5	NAN	
15,101	-1,8405	-694,5	NAN	
15,201	-1,842	-696	NAN	
15,301	-1,839	-696,5	NAN	
15,401	-1,8405	-696,5	NAN	
15,501	-1,8405	-696,5	NAN	
15,601	-1,8405	-697	NAN	
15,701	-1,8405	-697	NAN	
15,801	-1,842	-696,5	NAN	
15,901	-1,839	-697	NAN	
16,001	-1,8405	-697	NAN	
16,101	-1,8405	-697	NAN	
16,201	-1,8405	-697	NAN	
16,301	-1,839	-696,5	NAN	
16,401	-1,8405	-696,5	NAN	
16,501	-1,839	-697	NAN	
16,601	-1,8405	-696,5	NAN	
16,701	-1,8405	-697	NAN	
16,801	-1,8405	-697	NAN	
16,901	-1,839	-697	NAN	
17,001	-1,839	-697	NAN	
17,101	-1,839	-697	NAN	
17,201	-1,842	-697	NAN	
17,301	-1,8405	-697	NAN	
17,401	-1,839	-697	NAN	
17,501	-1,842	-697	NAN	
17,601	-1,839	-696,5	NAN	
17,701	-1,8405	-697	NAN	
17,801	-1,8405	-696,5	NAN	
17,901	-1,839	-697	NAN	
18,001	-1,839	-697	NAN	
18,101	-1,8405	-696,5	NAN	
18,201	-1,8375	-696,5	NAN	
18,301	-1,842	-697	NAN	
18,401	-1,848	-697,5	NAN	
18,501	-1,851	-699,5	NAN	
18,601	-1,8615	-701,5	NAN	
18,701	-1,8735	-704	NAN	
18,801	-1,8885	-708	NAN	
18,901	-1,914	-714,5	NAN	
19,001	-1,9245	-718,5	NAN	
19,101	-1,932	-721	NAN	
19,201	-1,938	-723	NAN	
19,301	-1,941	-724	NAN	
19,401	-1,9575	-727,5	NAN	
19,501	-1,9755	-732,5	NAN	
19,601	-1,9905	-737	NAN	
19,701	-2,004	-740	NAN	
19,801	-2,016	-743	NAN	
19,901	-2,037	-749	NAN	
20,001	-2,0475	-752,5	NAN	
20,101	-2,0505	-754	NAN	
20,201	-2,0535	-755	NAN	
20,301	-2,0565	-756	NAN	
20,401	-2,0565	-757	NAN	
20,501	-2,058	-757	NAN	
20,601	-2,0595	-757	NAN	
20,701	-2,0595	-757,5	NAN	
20,801	-2,058	-757,5	NAN	
20,901	-2,0565	-757	NAN	
21,001	-2,0565	-757,5	NAN	
21,101	-2,0595	-757,5	NAN	
21,201	-2,0565	-757,5	NAN	
21,301	-2,0595	-757,5	NAN	
21,401	-2,058	-757,5	NAN	
21,501	-2,0595	-757,5	NAN	
21,601	-2,058	-757	NAN	
21,701	-2,061	-757,5	NAN	
21,801	-2,058	-757,5	NAN	
21,901	-2,0565	-757,5	NAN	
22,001	-2,058	-757,5	NAN	
22,101	-2,058	-757,5	NAN	
22,201	-2,058	-757,5	NAN	
22,301	-2,0595	-758	NAN	
22,401	-2,058	-757,5	NAN	
22,501	-2,0595	-757,5	NAN	
22,601	-2,0595	-757,5	NAN	
22,701	-2,0595	-757,5	NAN	
22,801	-2,061	-757,5	NAN	
22,901	-2,0865	-761,5	NAN	
23,001	-2,1255	-770,5	NAN	
23,101	-2,1525	-777,5	NAN	
23,201	-2,169	-783,5	NAN	
23,301	-2,1765	-787,5	NAN	
23,401	-2,19	-790	NAN	
23,501	-2,2035	-794	NAN	
23,601	-2,217	-795,5	NAN	
23,701	-2,2275	-800,5	NAN	
23,801	-2,2395	-801,5	NAN	
23,901	-2,2515	-806	NAN	
24,001	-2,2725	-810,5	NAN	
24,101	-2,2935	-815	NAN	
24,201	-2,304	-817	NAN	
24,301	-2,319	-820	NAN	
24,401	-2,328	-825	NAN	
24,501	-2,337	-827,5	NAN	
24,601	-2,3475	-830	NAN	
24,701	-2,3595	-833,5	NAN	
24,801	-2,373	-837	NAN	
24,901	-2,3835	-838,5	NAN	
25,001	-2,388	-840	NAN	
25,101	-2,3955	-841	NAN	
25,201	-2,4105	-844,5	NAN	
25,301	-2,4075	-846,5	NAN	
25,401	-2,4075	-845,5	NAN	
25,501	-2,409	-844,5	NAN	
25,601	-2,4075	-846,5	NAN	
25,701	-2,4075	-844,5	NAN	
25,801	-2,4075	-844	NAN	
25,901	-2,406	-845,5	NAN	
26,001	-2,409	-844	NAN	
26,101	-2,409	-844	NAN	
26,201	-2,4075	-846,5	NAN	
26,301	-2,4075	-846,5	NAN	
26,401	-2,4075	-845,5	NAN	
26,501	-2,4075	-844	NAN	
26,601	-2,4075	-846	NAN	
26,701	-2,4075	-846,5	NAN	
26,801	-2,4075	-844,5	NAN	
26,901	-2,4075	-844	NAN	
27,001	-2,406	-843,5	NAN	
27,101	-2,4075	-846,5	NAN	
27,201	-2,4075	-846,5	NAN	
27,301	-2,406	-844,5	NAN	
27,401	-2,4075	-843	NAN	
27,501	-2,4075	-843	NAN	
27,601	-2,4075	-845,5	NAN	
27,701	-2,4075	-844,5	NAN	
27,801	-2,4195	-845,5	NAN	
27,901	-2,4255	-849	NAN	
28,001	-2,4525	-853,5	NAN	
28,101	-2,4825	-860	NAN	
28,201	-2,4885	-863,5	NAN	
28,301	-2,514	-868	NAN	
28,401	-2,5515	-873,5	NAN	
28,501	-2,5785	-877,5	NAN	
28,601	-2,598	-886	NAN	
28,701	-2,6175	-890	NAN	
28,801	-2,628	-889	NAN	
28,901	-2,649	-892,5	NAN	
29,001	-2,6655	-898,5	NAN	
29,101	-2,6835	-902	NAN	
29,201	-2,697	-906	NAN	
29,301	-2,6985	-905	NAN	
29,401	-2,7015	-908	NAN	
29,501	-2,7015	-907	NAN	
29,601	-2,703	-906,5	NAN	
29,701	-2,7045	-906	NAN	
29,801	-2,703	-909	NAN	
29,901	-2,706	-906,5	NAN	
30,001	-2,703	-908,5	NAN	
30,101	-2,703	-905,5	NAN	
30,201	-2,703	-906	NAN	
30,301	-2,706	-906	NAN	
30,401	-2,703	-906,5	NAN	
30,501	-2,706	-905,5	NAN	
30,601	-2,7045	-910	NAN	
30,701	-2,7045	-906	NAN	
30,801	-2,7045	-906,5	NAN	
30,901	-2,703	-909,5	NAN	
31,001	-2,703	-906	NAN	
31,101	-2,7045	-906	NAN	
31,201	-2,7045	-909,5	NAN	
31,301	-2,703	-910	NAN	
31,401	-2,7045	-906,5	NAN	
31,501	-2,703	-906	NAN	
31,601	-2,706	-906	NAN	
31,701	-2,7045	-910	NAN	
31,801	-2,706	-908	NAN	
31,901	-2,706	-910	NAN	
32,001	-2,7075	-908,5	NAN	
32,101	-2,724	-913	NAN	
32,201	-2,7435	-916,5	NAN	
32,301	-2,754	-918,5	NAN	
32,401	-2,769	-919,5	NAN	
32,501	-2,775	-918,5	NAN	
32,601	-2,7825	-923,5	NAN	
32,701	-2,79	-925,5	NAN	
32,801	-2,7975	-925,5	NAN	
32,901	-2,802	-928	NAN	
33,001	-2,8035	-929	NAN	
33,101	-2,802	-924,5	NAN	
33,201	-2,8035	-924	NAN	
33,301	-2,805	-929	NAN	
33,401	-2,805	-924,5	NAN	
33,501	-2,8035	-929,5	NAN	
33,601	-2,805	-927	NAN	
33,701	-2,805	-927	NAN	
33,801	-2,805	-926,5	NAN	
33,901	-2,805	-927	NAN	
34,001	-2,805	-924,5	NAN	
34,101	-2,8065	-927,5	NAN	
34,201	-2,8065	-925	NAN	
34,301	-2,805	-925,5	NAN	
34,401	-2,805	-929,5	NAN	
34,501	-2,805	-925	NAN	
34,601	-2,8035	-925,5	NAN	
34,701	-2,805	-926,5	NAN	
34,801	-2,805	-924,5	NAN	
34,901	-2,805	-929	NAN	
35,001	-2,805	-929,5	NAN	
35,101	-2,805	-929,5	NAN	
35,201	-2,805	-926	NAN	
35,301	-2,805	-925	NAN	
35,401	-2,805	-925,5	NAN	
35,501	-2,8065	-928,5	NAN	
35,601	-2,826	-928,5	NAN	
35,701	-2,844	-930	NAN	
35,801	-2,853	-934,5	NAN	
35,901	-2,8575	-938,5	NAN	
36,001	-2,8605	-935	NAN	
36,101	-2,865	-935	NAN	
36,201	-2,8755	-936,5	NAN	
36,301	-2,8845	-938,5	NAN	
36,401	-2,8965	-940	NAN	
36,501	-2,907	-947	NAN	
36,601	-2,9085	-944	NAN	
36,701	-2,91	-946,5	NAN	
36,801	-2,913	-946,5	NAN	
36,901	-2,916	-948,5	NAN	
37,001	-2,9385	-948	NAN	
37,101	-2,958	-953	NAN	
37,201	-2,9625	-952	NAN	
37,301	-2,973	-954	NAN	
37,401	-2,9805	-955,5	NAN	
37,501	-2,988	-959,5	NAN	
37,601	-2,9895	-958,5	NAN	
37,701	-2,982	-961,5	NAN	
37,801	-2,97	-960,5	NAN	
37,901	-2,9535	-955	NAN	
38,001	-2,925	-953,5	NAN	
38,101	-2,9235	-951,5	NAN	
38,201	-2,9265	-953,5	NAN	
38,301	-2,931	-952	NAN	
38,401	-2,934	-952,5	NAN	
38,501	-2,9325	-957,5	NAN	
38,601	-2,9325	-954,5	NAN	
38,701	-2,934	-953	NAN	
38,801	-2,934	-957,5	NAN	
38,901	-2,934	-955	NAN	
39,001	-2,934	-955,5	NAN	
39,101	-2,9355	-954,5	NAN	
39,201	-2,9265	-957	NAN	
39,301	-2,901	-951,5	NAN	
39,401	-2,877	-952,5	NAN	
39,501	-2,8575	-945,5	NAN	
39,601	-2,8425	-948,5	NAN	
39,701	-2,826	-946,5	NAN	
39,801	-2,808	-944,5	NAN	
39,901	-2,793	-942	NAN	
40,001	-2,772	-937,5	NAN	
40,101	-2,754	-935	NAN	
40,201	-2,742	-938,5	NAN	
40,301	-2,733	-937,5	NAN	
40,401	-2,7105	-933	NAN	
40,501	-2,6835	-927,5	NAN	
40,601	-2,6625	-926,5	NAN	
40,701	-2,634	-925,5	NAN	
40,801	-2,6145	-921,5	NAN	
40,901	-2,598	-915,5	NAN	
41,001	-2,5785	-913	NAN	
41,101	-2,559	-913	NAN	
41,201	-2,5455	-912,5	NAN	
41,301	-2,5275	-906,5	NAN	
41,401	-2,514	-906	NAN	
41,501	-2,508	-906	NAN	
41,601	-2,499	-902,5	NAN	
41,701	-2,4795	-902,5	NAN	
41,801	-2,4525	-896,5	NAN	
41,901	-2,439	-892,5	NAN	
42,001	-2,4255	-889,5	NAN	
42,101	-2,415	-887,5	NAN	
42,201	-2,3955	-889	NAN	
42,301	-2,376	-885	NAN	
42,401	-2,358	-881,5	NAN	
42,501	-2,337	-873,5	NAN	
42,601	-2,3205	-871	NAN	
42,701	-2,3025	-868	NAN	
42,801	-2,286	-867	NAN	
42,901	-2,2635	-864,5	NAN	
43,001	-2,247	-860,5	NAN	
43,101	-2,2305	-855,5	NAN	
43,201	-2,2215	-855	NAN	
43,301	-2,2125	-852	NAN	
43,401	-2,196	-850	NAN	
43,501	-2,1795	-846,5	NAN	
43,601	-2,16	-841,5	NAN	
43,701	-2,1405	-839	NAN	
43,801	-2,1255	-832,5	NAN	
43,901	-2,115	-831	NAN	
44,001	-2,103	-829	NAN	
44,101	-2,0835	-825,5	NAN	
44,201	-2,0685	-821,5	NAN	
44,301	-2,04	-816,5	NAN	
44,401	-2,0325	-811	NAN	
44,501	-2,0205	-808,5	NAN	
44,601	-2,0085	-805	NAN	
44,701	-2,001	-803	NAN	
44,801	-1,9845	-800,5	NAN	
44,901	-1,9635	-796	NAN	
45,001	-1,947	-793	NAN	
45,101	-1,9275	-786,5	NAN	
45,201	-1,9125	-782,5	NAN	
45,301	-1,9005	-779,5	NAN	
45,401	-1,887	-777	NAN	
45,501	-1,8765	-774	NAN	
45,601	-1,869	-771	NAN	
45,701	-1,8555	-768,5	NAN	
45,801	-1,8345	-764,5	NAN	
45,901	-1,818	-759	NAN	
46,001	-1,785	-752,5	NAN	
46,101	-1,752	-744	NAN	
46,201	-1,7325	-737,5	NAN	
46,301	-1,71	-731	NAN	
46,401	-1,695	-726,5	NAN	
46,501	-1,6785	-721	NAN	
46,601	-1,68	-719,5	NAN	
46,701	-1,6725	-718	NAN	
46,801	-1,6725	-717	NAN	
46,901	-1,6665	-715,5	NAN	
47,001	-1,6215	-707,5	NAN	
47,101	-1,557	-692,5	NAN	
47,201	-1,518	-679	NAN	
47,301	-1,5105	-672,5	NAN	
47,401	-1,509	-670,5	NAN	
47,501	-1,5015	-668,5	NAN	
47,601	-1,4895	-665,5	NAN	
47,701	-1,4625	-659	NAN	
47,801	-1,4385	-652	NAN	
47,901	-1,4145	-645	NAN	
48,001	-1,401	-639,5	NAN	
48,101	-1,3905	-636	NAN	
48,201	-1,3815	-632,5	NAN	
48,301	-1,3665	-628,5	NAN	
48,401	-1,3575	-624,5	NAN	
48,501	-1,3485	-621,5	NAN	
48,601	-1,3395	-619	NAN	
48,701	-1,3305	-616,5	NAN	
48,801	-1,3185	-613	NAN	
48,901	-1,314	-610	NAN	
49,001	-1,296	-606	NAN	
49,101	-1,29	-603	NAN	
49,201	-1,281	-600,5	NAN	
49,301	-1,2765	-598,5	NAN	
49,401	-1,26	-593,5	NAN	
49,501	-1,2495	-591	NAN	
49,601	-1,2405	-588	NAN	
49,701	-1,2345	-585,5	NAN	
49,801	-1,224	-582	NAN	
49,901	-1,2135	-579	NAN	
50,001	-1,2075	-576,5	NAN	
50,101	-1,203	-574	NAN	
50,201	-1,1895	-571,5	NAN	
50,301	-1,182	-568	NAN	
50,401	-1,1745	-565,5	NAN	
50,501	-1,1655	-562,5	NAN	
50,601	-1,1535	-559	NAN	
50,701	-1,137	-554	NAN	
50,801	-1,1265	-550,5	NAN	
50,901	-1,1205	-547,5	NAN	
51,001	-1,1085	-544	NAN	
51,101	-1,1055	-542	NAN	
51,201	-1,0995	-540	NAN	
51,301	-1,092	-538	NAN	
51,401	-1,083	-535	NAN	
51,501	-1,074	-532,5	NAN	
51,601	-1,062	-528	NAN	
51,701	-1,0575	-526	NAN	
51,801	-1,053	-524	NAN	
51,901	-1,0455	-522	NAN	
52,001	-1,041	-519,5	NAN	
52,101	-1,035	-518	NAN	
52,201	-1,0275	-515,5	NAN	
52,301	-1,0185	-512,5	NAN	
52,401	-1,011	-510,5	NAN	
52,501	-0,993	-505,5	NAN	
52,601	-0,981	-500	NAN	
52,701	-0,9705	-496,5	NAN	
52,801	-0,969	-494,5	NAN	
52,901	-0,9645	-493	NAN	
53,001	-0,9375	-486,5	NAN	
53,101	-0,9195	-479,5	NAN	
53,201	-0,912	-475,5	NAN	
53,301	-0,909	-473,5	NAN	
53,401	-0,9045	-471,5	NAN	
53,501	-0,9	-469,5	NAN	
53,601	-0,897	-468	NAN	
53,701	-0,8925	-466	NAN	
53,801	-0,879	-463,5	NAN	
53,901	-0,867	-458,5	NAN	
54,001	-0,861	-455,5	NAN	
54,101	-0,849	-452,5	NAN	
54,201	-0,8355	-447,5	NAN	
54,301	-0,816	-441,5	NAN	
54,401	-0,7995	-434,5	NAN	
54,501	-0,783	-428,5	NAN	
54,601	-0,7725	-425	NAN	
54,701	-0,756	-419	NAN	
54,801	-0,7515	-415,5	NAN	
54,901	-0,741	-412	NAN	
55,001	-0,7275	-406,5	NAN	
55,101	-0,723	-404	NAN	
55,201	-0,7125	-399	NAN	
55,301	-0,696	-394	NAN	
55,401	-0,681	-388	NAN	
55,501	-0,666	-382,5	NAN	
55,601	-0,6435	-374,5	NAN	
55,701	-0,6345	-369	NAN	
55,801	-0,624	-364,5	NAN	
55,901	-0,615	-360,5	NAN	
56,001	-0,6015	-356	NAN	
56,101	-0,5925	-351,5	NAN	
56,201	-0,5835	-348	NAN	
56,301	-0,5715	-343	NAN	
56,401	-0,5595	-337,5	NAN	
56,501	-0,5475	-332,5	NAN	
56,601	-0,5415	-329,5	NAN	
56,701	-0,531	-324,5	NAN	
56,801	-0,5235	-321	NAN	
56,901	-0,5145	-317	NAN	
57,001	-0,4995	-311,5	NAN	
57,101	-0,4935	-308	NAN	
57,201	-0,4845	-303,5	NAN	
57,301	-0,474	-299	NAN	
57,401	-0,465	-294,5	NAN	
57,501	-0,45	-288,5	NAN	
57,601	-0,4425	-284	NAN	
57,701	-0,429	-278,5	NAN	
57,801	-0,408	-270	NAN	
57,901	-0,4005	-265	NAN	
58,001	-0,3945	-261,5	NAN	
58,101	-0,387	-258	NAN	
58,201	-0,378	-254	NAN	
58,301	-0,3735	-251,5	NAN	
58,401	-0,3615	-246	NAN	
58,501	-0,357	-242,5	NAN	
58,601	-0,345	-239	NAN	
58,701	-0,336	-234	NAN	
58,801	-0,327	-229	NAN	
58,901	-0,3165	-224,5	NAN	
59,001	-0,3075	-221	NAN	
59,101	-0,297	-215	NAN	
59,201	-0,2835	-209,5	NAN	
59,301	-0,279	-205,5	NAN	
59,401	-0,267	-200,5	NAN	
59,501	-0,2625	-196,5	NAN	
59,601	-0,255	-193,5	NAN	
59,701	-0,2505	-191	NAN	
59,801	-0,243	-187	NAN	
59,901	-0,234	-183,5	NAN	
60,001	-0,225	-178,5	NAN	
60,101	-0,21	-172,5	NAN	
60,201	-0,201	-167	NAN	
60,301	-0,192	-163	NAN	
60,401	-0,189	-160	NAN	
60,501	-0,183	-157	NAN	
60,601	-0,1785	-154	NAN	
60,701	-0,1755	-152	NAN	
60,801	-0,1725	-151	NAN	
60,901	-0,1695	-149,5	NAN	
61,001	-0,168	-148	NAN	
61,101	-0,162	-146	NAN	
61,201	-0,1575	-143,5	NAN	
61,301	-0,15	-140,5	NAN	
61,401	-0,1485	-138	NAN	
61,501	-0,144	-136,5	NAN	
61,601	-0,141	-134,5	NAN	
61,701	-0,1215	-128	NAN	
61,801	-0,1155	-123,5	NAN	
61,901	-0,1095	-121	NAN	
62,001	-0,108	-119	NAN	
62,101	-0,1035	-116,5	NAN	
62,201	-0,1005	-115,5	NAN	
62,301	-0,0945	-112,5	NAN	
62,401	-0,09	-110,5	NAN	
62,501	-0,081	-106	NAN	
62,601	-0,072	-101,5	NAN	
62,701	-0,0675	-97,5	NAN	
62,801	-0,054	-92,5	NAN	
62,901	-0,051	-90	NAN	
63,001	-0,039	-85	NAN	
63,101	-0,0345	-83	NAN	
63,201	-0,033	-81	NAN	
63,301	-0,0285	-78	NAN	
63,401	-0,024	-77	NAN	
63,501	-0,0105	-71,5	NAN	
63,601	-0,0105	-69,5	NAN	
63,701	0	-66,5	NAN	
63,801	0	-64,5	NAN	
63,901	0	-63,5	NAN	
64,001	0	-63,5	NAN	
64,101	0	-63	NAN	
64,201	-0,0015	-63	NAN	
64,301	0,0015	-62,5	NAN	
64,401	0	-62	NAN	
64,501	0	-62,5	NAN	
64,601	0	-62,5	NAN	
64,701	0	-62,5	NAN	
64,801	0,0015	-62,5	NAN	
64,901	0	-62,5	NAN	
65,001	0	-62,5	NAN	
65,101	-0,0015	-62,5	NAN	
65,201	0,0015	-62,5	NAN	
65,301	0	-62,5	NAN	
65,401	0	-62,5	NAN	
65,501	-0,0015	-62	NAN	
65,601	0	-62,5	NAN	
65,701	0,0015	-62,5	NAN	
65,801	0,0015	-62	NAN	
65,901	0	-62,5	NAN	
66,001	0	-62,5	NAN	
66,101	0,0015	-62,5	NAN	
66,201	0,0015	-62,5	NAN	
66,301	0	-62	NAN	
66,401	-0,0015	-62,5	NAN	
66,501	0	-62	NAN	
66,601	-0,0015	-62,5	NAN	
66,701	0	-62,5	NAN	
66,801	-0,0015	-62,5	NAN	
66,901	0,0015	-62	NAN	
67,001	0,0015	-62	NAN	
67,101	-0,0015	-62,5	NAN	
67,201	0,0015	-62,5	NAN	
67,301	-0,0015	-62	NAN	
67,401	0	-62	NAN	
67,501	0	-62	NAN	
67,601	0,0015	-62,5	NAN	
67,701	0	-62,5	NAN	
67,801	0	-62	NAN	
67,901	0	-62,5	NAN	
68,001	0	-62	NAN	
68,101	-0,0015	-62	NAN	
68,201	0	-62,5	NAN	
68,301	0	-62,5	NAN	
68,401	-0,0015	-62,5	NAN	
68,501	-0,0015	-62,5	NAN	
68,601	0	-62	NAN	
68,701	0	-62	NAN	
68,801	0	-62,5	NAN	
68,901	0	-62	NAN	
69,001	0,0015	-62	NAN	
69,101	-0,0015	-62	NAN	
69,201	0,0015	-62	NAN	
69,301	0	-62,5	NAN	
69,401	0,0015	-62,5	NAN	
69,501	0	-62	NAN	
69,601	0,0015	-62,5	NAN	
69,701	-0,0015	-62	NAN	
69,801	0,0015	-62	NAN	
69,901	0	-62	NAN	
70,001	-0,0015	-62	NAN	
70,101	0	-62,5	NAN	
70,201	0	-62,5	NAN	
70,301	0,0015	-62	NAN	
70,401	0	-62,5	NAN	
70,501	0	-62	NAN	
70,601	-0,0015	-62,5	NAN	
70,701	0	-62	NAN	
70,801	0	-62	NAN	
70,901	-0,0015	-62,5	NAN	
71,001	0	-62	NAN	
71,101	0	-62	NAN	
71,201	0,0015	-62	NAN	
71,301	0,0015	-62	NAN	
71,401	0	-62	NAN	
71,501	0	-62	NAN	
71,601	-0,0015	-62	NAN	
71,701	0,0015	-62	NAN	
71,801	0	-62	NAN	
71,901	0	-62	NAN	
72,001	0	-62,5	NAN	
72,101	0	-62,5	NAN	
72,201	0	-62	NAN	
72,301	-0,0015	-62,5	NAN	
72,401	-0,0015	-62,5	NAN	
72,501	0,0015	-62	NAN	
72,601	0,0015	-62	NAN	
72,701	0,0015	-62	NAN	
72,801	0	-62	NAN	
72,901	0,0015	-62	NAN	
73,001	0,0015	-62,5	NAN	
73,101	0,0015	-62,5	NAN	
73,201	0,0015	-62	NAN	
73,301	0	-62,5	NAN	
73,401	0	-62	NAN	
73,501	0	-62,5	NAN	
73,601	0	-62	NAN	
73,701	0	-62	NAN	
73,801	-0,0015	-62	NAN	
73,901	0	-62,5	NAN	
74,001	0	-62,5	NAN	
74,101	-0,0015	-62,5	NAN	
74,201	-0,0015	-62,5	NAN	
74,301	0	-62,5	NAN	
74,401	-0,0015	-62,5	NAN	
74,501	0	-62	NAN	
74,601	0,0015	-62	NAN	
74,701	0,0015	-62,5	NAN	
74,801	0	-62	NAN	
74,901	0	-62	NAN	
75,001	0	-62	NAN	
75,101	0	-62	NAN	
75,201	0	-62,5	NAN	
75,301	0	-62	NAN	
75,401	0,0015	-62	NAN	
75,501	0	-62	NAN	
75,601	-0,0015	-62,5	NAN	
75,701	0	-62,5	NAN	
75,801	-0,0015	-62	NAN	
75,901	0	-62,5	NAN	
76,001	0,0015	-62	NAN	
76,101	-0,0015	-62,5	NAN	
76,201	0	-62,5	NAN	
76,301	0,0015	-62	NAN	
76,401	0	-62	NAN	
76,501	0	-62,5	NAN	
76,601	0,006	-61,5	NAN	
76,701	0,018	-58	NAN	
76,801	0,0165	-57	NAN	
76,901	0,03	-52	NAN	
77,001	0,042	-45,5	NAN	
77,101	0,051	-40,5	NAN	
77,201	0,057	-37	NAN	
77,301	0,06	-34,5	NAN	
77,401	0,063	-33,5	NAN	
77,501	0,066	-31,5	NAN	
77,601	0,0765	-27,5	NAN	
77,701	0,0765	-25,5	NAN	
77,801	0,0795	-25	NAN	
77,901	0,087	-23	NAN	
78,001	0,093	-20,5	NAN	
78,101	0,0975	-17,5	NAN	
78,201	0,099	-15,5	NAN	
78,301	0,105	-13,5	NAN	
78,401	0,1065	-11,5	NAN	
78,501	0,1095	-10,5	NAN	
78,601	0,111	-9	NAN	
78,701	0,123	-5	NAN	
78,801	0,1425	3	NAN	
78,901	0,15	8	NAN	
79,001	0,156	11,5	NAN	
79,101	0,162	14,5	NAN	
79,201	0,1695	18	NAN	
79,301	0,177	22	NAN	
79,401	0,183	25	NAN	
79,501	0,195	30	NAN	
79,601	0,2085	36,5	NAN	
79,701	0,2235	43	NAN	
79,801	0,2325	48	NAN	
79,901	0,2415	52,5	NAN	
80,001	0,243	55	NAN	
80,101	0,246	57,5	NAN	
80,201	0,2505	59	NAN	
80,301	0,255	61	NAN	
80,401	0,2625	64	NAN	
80,501	0,267	66,5	NAN	
80,601	0,273	69,5	NAN	
80,701	0,279	72	NAN	
80,801	0,279	73,5	NAN	
80,901	0,2805	74,5	NAN	
81,001	0,282	75,5	NAN	
81,101	0,288	77	NAN	
81,201	0,288	78	NAN	
81,301	0,2925	80	NAN	
81,401	0,2955	82,5	NAN	
81,501	0,3015	84,5	NAN	
81,601	0,309	87,5	NAN	
81,701	0,3135	90	NAN	
81,801	0,318	92,5	NAN	
81,901	0,321	94	NAN	
82,001	0,3315	97,5	NAN	
82,101	0,3405	102	NAN	
82,201	0,348	105	NAN	
82,301	0,351	108	NAN	
82,401	0,3555	110,5	NAN	
82,501	0,3675	114,5	NAN	
82,601	0,3765	118,5	NAN	
82,701	0,387	123,5	NAN	
82,801	0,3975	128,5	NAN	
82,901	0,402	132,5	NAN	
83,001	0,408	134,5	NAN	
83,101	0,414	137,5	NAN	
83,201	0,4185	139,5	NAN	
83,301	0,4215	142,5	NAN	
83,401	0,4275	144,5	NAN	
83,501	0,429	146,5	NAN	
83,601	0,435	148	NAN	
83,701	0,438	150	NAN	
83,801	0,441	152	NAN	
83,901	0,447	154,5	NAN	
84,001	0,4485	155,5	NAN	
84,101	0,4485	156,5	NAN	
84,201	0,4515	157	NAN	
84,301	0,456	159	NAN	
84,401	0,462	161,5	NAN	
84,501	0,4695	164	NAN	
84,601	0,4725	166,5	NAN	
84,701	0,4755	168	NAN	
84,801	0,4755	169,5	NAN	
84,901	0,4815	170,5	NAN	
85,001	0,486	173	NAN	
85,101	0,4935	176	NAN	
85,201	0,5085	182	NAN	
85,301	0,5175	186,5	NAN	
85,401	0,5265	190,5	NAN	
85,501	0,534	194,5	NAN	
85,601	0,5385	197	NAN	
85,701	0,549	201	NAN	
85,801	0,558	204,5	NAN	
85,901	0,5625	208	NAN	
86,001	0,5685	210,5	NAN	
86,101	0,573	213,5	NAN	
86,201	0,5835	217,5	NAN	
86,301	0,5895	220	NAN	
86,401	0,5895	222	NAN	
86,501	0,5925	223,5	NAN	
86,601	0,5955	225	NAN	
86,701	0,6015	227	NAN	
86,801	0,6075	229,5	NAN	
86,901	0,6135	233	NAN	
87,001	0,6225	236	NAN	
87,101	0,6285	239,5	NAN	
87,201	0,639	243	NAN	
87,301	0,6465	246,5	NAN	
87,401	0,654	250,5	NAN	
87,501	0,6615	254	NAN	
87,601	0,666	256,5	NAN	
87,701	0,6705	258,5	NAN	
87,801	0,675	261	NAN	
87,901	0,684	264,5	NAN	
88,001	0,69	267,5	NAN	
88,101	0,6945	270	NAN	
88,201	0,7035	273	NAN	
88,301	0,7125	276,5	NAN	
88,401	0,7185	280	NAN	
88,501	0,7275	284	NAN	
88,601	0,7335	287	NAN	
88,701	0,7395	289,5	NAN	
88,801	0,747	292,5	NAN	
88,901	0,7545	296	NAN	
89,001	0,7575	298,5	NAN	
89,101	0,765	301,5	NAN	
89,201	0,7725	305	NAN	
89,301	0,7845	308,5	NAN	
89,401	0,792	312	NAN	
89,501	0,798	315,5	NAN	
89,601	0,8055	318,5	NAN	
89,701	0,813	321,5	NAN	
89,801	0,8175	324,5	NAN	
89,901	0,8265	328,5	NAN	
90,001	0,837	332	NAN	
90,101	0,8385	334	NAN	
90,201	0,8415	335,5	NAN	
90,301	0,8415	336,5	NAN	
90,401	0,8475	338,5	NAN	
90,501	0,8535	340,5	NAN	
90,601	0,8595	343	NAN	
90,701	0,8625	345	NAN	
90,801	0,8685	347	NAN	
90,901	0,873	349,5	NAN	
91,001	0,894	354,5	NAN	
91,101	0,9045	360	NAN	
91,201	0,909	363,5	NAN	
91,301	0,9105	365,5	NAN	
91,401	0,915	367,5	NAN	
91,501	0,921	369,5	NAN	
91,601	0,9315	373,5	NAN	
91,701	0,9375	376,5	NAN	
91,801	0,9435	379	NAN	
91,901	0,945	380,5	NAN	
92,001	0,9495	382,5	NAN	
92,101	0,9585	385	NAN	
92,201	0,9675	389	NAN	
92,301	0,972	391,5	NAN	
92,401	0,9735	393	NAN	
92,501	0,978	394	NAN	
92,601	0,9825	396	NAN	
92,701	0,9915	399	NAN	
92,801	0,999	402	NAN	
92,901	1,0035	404	NAN	
93,001	1,0095	407	NAN	
93,101	1,0185	410	NAN	
93,201	1,029	414	NAN	
93,301	1,035	417	NAN	
93,401	1,0425	420,5	NAN	
93,501	1,047	422	NAN	
93,601	1,0515	424,5	NAN	
93,701	1,0605	427,5	NAN	
93,801	1,0665	430,5	NAN	
93,901	1,0725	432,5	NAN	
94,001	1,0755	434	NAN	
94,101	1,0785	435,5	NAN	
94,201	1,083	437,5	NAN	
94,301	1,0875	439	NAN	
94,401	1,0935	442	NAN	
94,501	1,0995	444	NAN	
94,601	1,1055	446,5	NAN	
94,701	1,11	448,5	NAN	
94,801	1,1175	450,5	NAN	
94,901	1,1265	454	NAN	
95,001	1,131	456,5	NAN	
95,101	1,1385	459,5	NAN	
95,201	1,143	461,5	NAN	
95,301	1,1535	464,5	NAN	
95,401	1,1625	468	NAN	
95,501	1,17	471	NAN	
95,601	1,179	473,5	NAN	
95,701	1,179	475,5	NAN	
95,801	1,185	478	NAN	
95,901	1,191	480	NAN	
96,001	1,1985	482,5	NAN	
96,101	1,2045	485	NAN	
96,201	1,206	487	NAN	
96,301	1,2135	488,5	NAN	
96,401	1,2195	491,5	NAN	
96,501	1,224	493	NAN	
96,601	1,23	495	NAN	
96,701	1,2345	497,5	NAN	
96,801	1,2435	500,5	NAN	
96,901	1,2525	503	NAN	
97,001	1,2555	504,5	NAN	
97,101	1,26	506,5	NAN	
97,201	1,2615	507,5	NAN	
97,301	1,2645	509	NAN	
97,401	1,272	511,5	NAN	
97,501	1,284	514,5	NAN	
97,601	1,287	516,5	NAN	
97,701	1,29	518	NAN	
97,801	1,296	520	NAN	
97,901	1,3005	521,5	NAN	
98,001	1,302	523	NAN	
98,101	1,3095	524,5	NAN	
98,201	1,314	527	NAN	
98,301	1,3185	529,5	NAN	
98,401	1,32	530,5	NAN	
98,501	1,323	531	NAN	
98,601	1,3275	532,5	NAN	
98,701	1,332	534	NAN	
98,801	1,3365	535,5	NAN	
98,901	1,3395	536,5	NAN	
99,001	1,3425	538	NAN	
99,101	1,347	539,5	NAN	
99,201	1,3545	542	NAN	
99,301	1,362	544,5	NAN	
99,401	1,3725	547	NAN	
99,501	1,38	550	NAN	
99,601	1,3845	553	NAN	
99,701	1,389	554,5	NAN	
99,801	1,3965	556,5	NAN	
99,901	1,401	558,5	NAN	
100,001	1,4055	560	NAN	
100,101	1,4085	561,5	NAN	
100,201	1,413	562,5	NAN	
100,301	1,4205	564,5	NAN	
100,401	1,425	566,5	NAN	
100,501	1,428	568,5	NAN	
100,601	1,4325	570	NAN	
100,701	1,44	572	NAN	
100,801	1,4475	574,5	NAN	
100,901	1,4535	576	NAN	
101,001	1,458	578,5	NAN	
101,101	1,4655	581	NAN	
101,201	1,4715	583	NAN	
101,301	1,4865	587	NAN	
101,401	1,497	591	NAN	
101,501	1,506	594	NAN	
101,601	1,515	597,5	NAN	
101,701	1,524	600,5	NAN	
101,801	1,5315	603	NAN	
101,901	1,539	606	NAN	
102,001	1,5525	609	NAN	
102,101	1,569	614	NAN	
102,201	1,581	618,5	NAN	
102,301	1,59	622	NAN	
102,401	1,599	625,5	NAN	
102,501	1,6065	628	NAN	
102,601	1,6125	630	NAN	
102,701	1,6275	634,5	NAN	
102,801	1,632	636,5	NAN	
102,901	1,6395	639	NAN	
103,001	1,644	640,5	NAN	
103,101	1,6485	642,5	NAN	
103,201	1,653	644	NAN	
103,301	1,659	646	NAN	
103,401	1,662	647	NAN	
103,501	1,6665	648,5	NAN	
103,601	1,6725	650	NAN	
103,701	1,6755	651,5	NAN	
103,801	1,68	653	NAN	
103,901	1,6875	655	NAN	
104,001	1,6935	657	NAN	
104,101	1,704	660	NAN	
104,201	1,707	661,5	NAN	
104,301	1,722	664,5	NAN	
104,401	1,722	666,5	NAN	
104,501	1,7235	667	NAN	
104,601	1,728	667,5	NAN	
104,701	1,7355	670	NAN	
104,801	1,749	673	NAN	
104,901	1,761	676,5	NAN	
105,001	1,7835	682,5	NAN	
105,101	1,797	687,5	NAN	
105,201	1,8135	692	NAN	
105,301	1,8225	696	NAN	
105,401	1,83	699	NAN	
105,501	1,8405	701,5	NAN	
105,601	1,8525	704,5	NAN	
105,701	1,8615	707,5	NAN	
105,801	1,869	710,5	NAN	
105,901	1,8765	713	NAN	
106,001	1,881	714,5	NAN	
106,101	1,884	716	NAN	
106,201	1,8885	717,5	NAN	
106,301	1,896	719	NAN	
106,401	1,914	723	NAN	
106,501	1,9305	727,5	NAN	
106,601	1,941	731	NAN	
106,701	1,9425	733	NAN	
106,801	1,9485	734,5	NAN	
106,901	1,9515	736	NAN	
107,001	1,956	736,5	NAN	
107,101	1,956	737,5	NAN	
107,201	1,9605	738	NAN	
107,301	1,965	739,5	NAN	
107,401	1,968	740,5	NAN	
107,501	1,9695	741,5	NAN	
107,601	1,974	743	NAN	
107,701	1,986	745	NAN	
107,801	1,995	747,5	NAN	
107,901	2,007	750,5	NAN	
108,001	2,0175	753,5	NAN	
108,101	2,025	755,5	NAN	
108,201	2,025	756,5	NAN	
108,301	2,025	757,5	NAN	
108,401	2,028	758	NAN	
108,501	2,04	760	NAN	
108,601	2,0505	762,5	NAN	
108,701	2,0625	766	NAN	
108,801	2,0715	768,5	NAN	
108,901	2,0775	770,5	NAN	
109,001	2,0865	772,5	NAN	
109,101	2,0925	774,5	NAN	
109,201	2,103	777	NAN	
109,301	2,112	780	NAN	
109,401	2,1225	782,5	NAN	
109,501	2,136	785,5	NAN	
109,601	2,145	788,5	NAN	
109,701	2,151	790,5	NAN	
109,801	2,154	792	NAN	
109,901	2,166	794	NAN	
110,001	2,172	796,5	NAN	
110,101	2,1825	799	NAN	
110,201	2,184	800	NAN	
110,301	2,187	801	NAN	
110,401	2,1975	803	NAN	
110,501	2,199	804	NAN	
110,601	2,2065	805	NAN	
110,701	2,214	807	NAN	
110,801	2,223	809	NAN	
110,901	2,2305	811	NAN	
111,001	2,2365	813	NAN	
111,101	2,2455	815,5	NAN	
111,201	2,25	817	NAN	
111,301	2,256	818,5	NAN	
111,401	2,2635	820	NAN	
111,501	2,271	821,5	NAN	
111,601	2,295	826	NAN	
111,701	2,304	829,5	NAN	
111,801	2,3055	830,5	NAN	
111,901	2,3085	831,5	NAN	
112,001	2,3115	832,5	NAN	
112,101	2,3205	834	NAN	
112,201	2,334	836,5	NAN	
112,301	2,343	839	NAN	
112,401	2,364	843	NAN	
112,501	2,3745	846,5	NAN	
112,601	2,3835	849	NAN	
112,701	2,382	849,5	NAN	
112,801	2,382	850	NAN	
112,901	2,3835	850,5	NAN	
113,001	2,3865	850,5	NAN	
113,101	2,3925	851,5	NAN	
113,201	2,406	854	NAN	
113,301	2,4225	857,5	NAN	
113,401	2,4315	860	NAN	
113,501	2,4375	862	NAN	
113,601	2,4555	864,5	NAN	
113,701	2,4795	870	NAN	
113,801	2,4915	873,5	NAN	
113,901	2,5065	876,5	NAN	
114,001	2,526	880,5	NAN	
114,101	2,544	884,5	NAN	
114,201	2,5545	887,5	NAN	
114,301	2,574	891	NAN	
114,401	2,598	895,5	NAN	
114,501	2,6145	899,5	NAN	
114,601	2,6325	903,5	NAN	
114,701	2,6505	907,5	NAN	
114,801	2,6715	911	NAN	
114,901	2,688	914,5	NAN	
115,001	2,712	919	NAN	
115,101	2,7285	922,5	NAN	
115,201	2,745	926	NAN	
115,301	2,7675	930	NAN	
115,401	2,7945	934,5	NAN	
115,501	2,805	937,5	NAN	
115,601	2,814	939,5	NAN	
115,701	2,832	942	NAN	
115,801	2,85	946	NAN	
115,901	2,862	948	NAN	
116,001	2,868	949,5	NAN	
116,101	2,8755	950,5	NAN	
116,201	2,8845	952	NAN	
116,301	2,8965	954	NAN	
116,401	2,9115	956,5	NAN	
116,501	2,919	958	NAN	
116,601	2,9325	960	NAN	
116,701	2,937	961	NAN	
116,801	2,937	961,5	NAN	
116,901	2,9385	962	NAN	
117,001	2,94	962	NAN	
117,101	2,9385	962	NAN	
117,201	2,94	962	NAN	
117,301	2,9385	962	NAN	
117,401	2,9385	962	NAN	
117,501	2,9385	962	NAN	
117,601	2,9385	962	NAN	
117,701	2,9385	962	NAN	
117,801	2,9355	962	NAN	
117,901	2,937	962	NAN	
118,001	2,9385	962	NAN	
118,101	2,937	962	NAN	
118,201	2,9385	962	NAN	
118,301	2,9355	962	NAN	
118,401	2,9355	962	NAN	
118,501	2,937	962	NAN	
118,601	2,937	962	NAN	
118,701	2,937	962	NAN	
118,801	2,9355	962	NAN	
118,901	2,937	962	NAN	
119,001	2,937	961,5	NAN	
119,101	2,937	961,5	NAN	
119,201	2,9355	962	NAN	
119,301	2,9355	962	NAN	
119,401	2,9355	961,5	NAN	
119,501	2,9355	961,5	NAN	
119,601	2,937	961,5	NAN	
119,701	2,937	962	NAN	
119,801	2,937	962	NAN	
119,901	2,9355	961,5	NAN	
120,001	2,937	962	NAN	
120,101	2,934	961,5	NAN	
120,201	2,9355	962	NAN	
120,301	2,9385	962	NAN	
120,401	2,937	961,5	NAN	
120,501	2,937	961,5	NAN	
120,601	2,937	962	NAN	
120,701	2,937	961,5	NAN	
120,801	2,937	962	NAN	
120,901	2,937	962	NAN	
121,001	2,934	961,5	NAN	
121,101	2,934	961,5	NAN	
121,201	2,9355	961,5	NAN	
121,301	2,9355	961,5	NAN	
121,401	2,934	962	NAN	
121,501	2,934	961,5	NAN	
121,601	2,9355	961,5	NAN	
121,701	2,937	962	NAN	
121,801	2,937	962	NAN	
121,901	2,9355	962	NAN	
122,001	2,9355	962	NAN	
122,101	2,9355	961,5	NAN	
122,201	2,937	962	NAN	
122,301	2,9355	962	NAN	
122,401	2,9355	961,5	NAN	
122,501	2,9355	962	NAN	
122,601	2,934	962	NAN	
122,701	2,934	962	NAN	
122,801	2,9355	962	NAN	
122,901	2,934	961,5	NAN	
123,001	2,934	962	NAN	
123,101	2,9355	961,5	NAN	
123,201	2,937	961,5	NAN	
123,301	2,9355	962	NAN	
123,401	2,934	962	NAN	
123,501	2,934	961,5	NAN	
123,601	2,934	961,5	NAN	
123,701	2,9355	962	NAN	
123,801	2,9355	961,5	NAN	
123,901	2,9355	962	NAN	
124,001	2,934	962	NAN	
124,101	2,934	961,5	NAN	
124,201	2,934	961,5	NAN	
124,301	2,9355	962	NAN	
124,401	2,934	961,5	NAN	
124,501	2,934	961,5	NAN	
124,601	2,9355	961,5	NAN	
124,701	2,934	961,5	NAN	
124,801	2,931	961,5	NAN	
124,901	2,931	961,5	NAN	
125,001	2,9295	961	NAN	
125,101	2,9295	961,5	NAN	
125,201	2,925	961	NAN	
125,301	2,9235	961	NAN	
125,401	2,922	960,5	NAN	
125,501	2,9205	960,5	NAN	
125,601	2,919	960,5	NAN	
125,701	2,9175	960,5	NAN	
125,801	2,9175	960	NAN	
125,901	2,916	960	NAN	
126,001	2,913	960,5	NAN	
126,101	2,91	959,5	NAN	
126,201	2,904	959,5	NAN	
126,301	2,9025	959,5	NAN	
126,401	2,901	959	NAN	
126,501	2,8995	959	NAN	
126,601	2,8995	959	NAN	
126,701	2,898	959	NAN	
126,801	2,8965	959	NAN	
126,901	2,898	959	NAN	
127,001	2,8965	958,5	NAN	
127,101	2,8935	958,5	NAN	
127,201	2,8935	958,5	NAN	
127,301	2,8935	958,5	NAN	
127,401	2,8935	958,5	NAN	
127,501	2,8905	958,5	NAN	
127,601	2,8905	958,5	NAN	
127,701	2,889	958,5	NAN	
127,801	2,8905	958	NAN	
127,901	2,8875	958	NAN	
128,001	2,886	958	NAN	
128,101	2,8845	957,5	NAN	
128,201	2,8785	957	NAN	
128,301	2,871	957	NAN	
128,401	2,871	956,5	NAN	
128,501	2,868	956,5	NAN	
128,601	2,865	956,5	NAN	
128,701	2,865	956	NAN	
128,801	2,865	956	NAN	
128,901	2,862	956	NAN	
129,001	2,862	955,5	NAN	
129,101	2,859	956	NAN	
129,201	2,856	955,5	NAN	
129,301	2,8545	955	NAN	
129,401	2,8515	955	NAN	
129,501	2,85	954,5	NAN	
129,601	2,8485	954,5	NAN	
129,701	2,8425	954	NAN	
129,801	2,841	954	NAN	
129,901	2,838	953,5	NAN	
130,001	2,832	953,5	NAN	
130,101	2,829	952,5	NAN	
130,201	2,823	952	NAN	
130,301	2,8215	952	NAN	
130,401	2,8185	951,5	NAN	
130,501	2,817	951,5	NAN	
130,601	2,8155	951,5	NAN	
130,701	2,8155	951,5	NAN	
130,801	2,8095	951	NAN	
130,901	2,808	950,5	NAN	
131,001	2,8005	949,5	NAN	
131,101	2,79	948,5	NAN	
131,201	2,7795	948	NAN	
131,301	2,775	947	NAN	
131,401	2,7705	946,5	NAN	
131,501	2,766	946	NAN	
131,601	2,763	945,5	NAN	
131,701	2,757	945,5	NAN	
131,801	2,754	945	NAN	
131,901	2,7465	944	NAN	
132,001	2,7375	943	NAN	
132,101	2,733	942,5	NAN	
132,201	2,7255	942	NAN	
132,301	2,718	941	NAN	
132,401	2,712	940,5	NAN	
132,501	2,7045	939,5	NAN	
132,601	2,7	939	NAN	
132,701	2,6985	938,5	NAN	
132,801	2,694	938	NAN	
132,901	2,6865	937,5	NAN	
133,001	2,682	937	NAN	
133,101	2,6775	936,5	NAN	
133,201	2,6715	935,5	NAN	
133,301	2,6625	934,5	NAN	
133,401	2,649	933	NAN	
133,501	2,637	931,5	NAN	
133,601	2,631	930,5	NAN	
133,701	2,622	929,5	NAN	
133,801	2,6145	928,5	NAN	
133,901	2,607	927,5	NAN	
134,001	2,5995	926,5	NAN	
134,101	2,5935	925,5	NAN	
134,201	2,592	925	NAN	
134,301	2,5845	924,5	NAN	
134,401	2,577	923,5	NAN	
134,501	2,5695	922	NAN	
134,601	2,562	921,5	NAN	
134,701	2,556	920,5	NAN	
134,801	2,5545	920	NAN	
134,901	2,5545	919,5	NAN	
135,001	2,547	919	NAN	
135,101	2,5425	918,5	NAN	
135,201	2,538	917,5	NAN	
135,301	2,5335	917	NAN	
135,401	2,529	916	NAN	
135,501	2,526	915,5	NAN	
135,601	2,52	915	NAN	
135,701	2,517	914,5	NAN	
135,801	2,5095	913,5	NAN	
135,901	2,502	912,5	NAN	
136,001	2,49	910,5	NAN	
136,101	2,484	909,5	NAN	
136,201	2,475	908,5	NAN	
136,301	2,4705	907,5	NAN	
136,401	2,4645	907	NAN	
136,501	2,4615	906	NAN	
136,601	2,4555	905	NAN	
136,701	2,4435	903,5	NAN	
136,801	2,436	902	NAN	
136,901	2,4285	901	NAN	
137,001	2,427	900,5	NAN	
137,101	2,4195	899,5	NAN	
137,201	2,4135	898,5	NAN	
137,301	2,412	897,5	NAN	
137,401	2,4075	897	NAN	
137,501	2,406	896,5	NAN	
137,601	2,4045	896,5	NAN	
137,701	2,4045	896	NAN	
137,801	2,397	895,5	NAN	
137,901	2,388	894	NAN	
138,001	2,3775	892,5	NAN	
138,101	2,3655	890,5	NAN	
138,201	2,3595	889	NAN	
138,301	2,3535	888	NAN	
138,401	2,352	887,5	NAN	
138,501	2,352	887	NAN	
138,601	2,352	887	NAN	
138,701	2,349	887	NAN	
138,801	2,346	886	NAN	
138,901	2,3415	885,5	NAN	
139,001	2,34	885	NAN	
139,101	2,334	884,5	NAN	
139,201	2,328	883,5	NAN	
139,301	2,3145	881,5	NAN	
139,401	2,3115	880	NAN	
139,501	2,307	879	NAN	
139,601	2,298	878	NAN	
139,701	2,283	876	NAN	
139,801	2,262	872	NAN	
139,901	2,2545	869,5	NAN	
140,001	2,253	868,5	NAN	
140,101	2,2515	868,5	NAN	
140,201	2,2485	868	NAN	
140,301	2,241	866,5	NAN	
140,401	2,2395	866,5	NAN	
140,501	2,2365	865,5	NAN	
140,601	2,2335	864,5	NAN	
140,701	2,229	864	NAN	
140,801	2,2275	863,5	NAN	
140,901	2,2245	863	NAN	
141,001	2,217	862	NAN	
141,101	2,211	861	NAN	
141,201	2,205	859,5	NAN	
141,301	2,1915	857,5	NAN	
141,401	2,1885	856	NAN	
141,501	2,184	855	NAN	
141,601	2,1825	854,5	NAN	
141,701	2,1825	854	NAN	
141,801	2,1735	853	NAN	
141,901	2,172	852,5	NAN	
142,001	2,166	851	NAN	
142,101	2,1525	849	NAN	
142,201	2,1525	848	NAN	
142,301	2,1465	847	NAN	
142,401	2,1405	846	NAN	
142,501	2,133	844,5	NAN	
142,601	2,1285	843	NAN	
142,701	2,1255	842	NAN	
142,801	2,121	841,5	NAN	
142,901	2,121	841	NAN	
143,001	2,1165	840	NAN	
143,101	2,1075	839,5	NAN	
143,201	2,0895	836	NAN	
143,301	2,0805	833	NAN	
143,401	2,0715	831	NAN	
143,501	2,0625	828,5	NAN	
143,601	2,055	827	NAN	
143,701	2,0475	825,5	NAN	
143,801	2,046	824,5	NAN	
143,901	2,0415	823,5	NAN	
144,001	2,04	822,5	NAN	
144,101	2,037	822	NAN	
144,201	2,0325	821,5	NAN	
144,301	2,0235	819,5	NAN	
144,401	2,013	817,5	NAN	
144,501	2,0055	816	NAN	
144,601	2,001	814	NAN	
144,701	1,998	813	NAN	
144,801	1,992	812	NAN	
144,901	1,989	811,5	NAN	
145,001	1,986	810,5	NAN	
145,101	1,986	810	NAN	
145,201	1,974	808	NAN	
145,301	1,974	807	NAN	
145,401	1,9725	807	NAN	
145,501	1,974	806,5	NAN	
145,601	1,965	805,5	NAN	
145,701	1,959	804	NAN	
145,801	1,95	802	NAN	
145,901	1,926	798	NAN	
146,001	1,911	794	NAN	
146,101	1,884	788	NAN	
146,201	1,866	782,5	NAN	
146,301	1,854	778,5	NAN	
146,401	1,839	775	NAN	
146,501	1,833	772,5	NAN	
146,601	1,8225	770	NAN	
146,701	1,8165	768	NAN	
146,801	1,8135	766,5	NAN	
146,901	1,8045	765	NAN	
147,001	1,8	763	NAN	
147,101	1,797	762	NAN	
147,201	1,7925	760,5	NAN	
147,301	1,7895	760	NAN	
147,401	1,7865	759,5	NAN	
147,501	1,7865	759	NAN	
147,601	1,7835	758,5	NAN	
147,701	1,773	756,5	NAN	
147,801	1,7715	755,5	NAN	
147,901	1,7685	754,5	NAN	
148,001	1,764	753,5	NAN	
148,101	1,7595	752	NAN	
148,201	1,7565	751	NAN	
148,301	1,755	750,5	NAN	
148,401	1,758	750,5	NAN	
148,501	1,755	750	NAN	
148,601	1,7505	749,5	NAN	
148,701	1,7475	749	NAN	
148,801	1,7505	748,5	NAN	
148,901	1,7475	748,5	NAN	
149,001	1,746	748	NAN	
149,101	1,746	747,5	NAN	
149,201	1,7445	747,5	NAN	
149,301	1,746	747	NAN	
149,401	1,7385	746,5	NAN	
149,501	1,7175	742,5	NAN	
149,601	1,6935	737	NAN	
149,701	1,677	731,5	NAN	
149,801	1,6635	727	NAN	
149,901	1,6575	724,5	NAN	
150,001	1,65	722	NAN	
150,101	1,6335	718,5	NAN	
150,201	1,6245	715,5	NAN	
150,301	1,614	712,5	NAN	
150,401	1,6095	710,5	NAN	
150,501	1,6065	710	NAN	
150,601	1,605	708,5	NAN	
150,701	1,596	706,5	NAN	
150,801	1,5885	704,5	NAN	
150,901	1,5765	702	NAN	
151,001	1,5765	700,5	NAN	
151,101	1,575	700	NAN	
151,201	1,575	699,5	NAN	
151,301	1,56	697	NAN	
151,401	1,5525	694	NAN	
151,501	1,5495	692,5	NAN	
151,601	1,545	691,5	NAN	
151,701	1,539	690	NAN	
151,801	1,536	689	NAN	
151,901	1,53	687	NAN	
152,001	1,5255	685	NAN	
152,101	1,5195	684	NAN	
152,201	1,515	682,5	NAN	
152,301	1,5075	680,5	NAN	
152,401	1,4985	678,5	NAN	
152,501	1,497	677,5	NAN	
152,601	1,4895	675	NAN	
152,701	1,479	672,5	NAN	
152,801	1,47	670	NAN	
152,901	1,4655	667,5	NAN	
153,001	1,461	666	NAN	
153,101	1,4535	664	NAN	
153,201	1,452	663,5	NAN	
153,301	1,452	662,5	NAN	
153,401	1,449	662	NAN	
153,501	1,449	661,5	NAN	
153,601	1,4475	661	NAN	
153,701	1,4385	660	NAN	
153,801	1,431	658	NAN	
153,901	1,4265	656	NAN	
154,001	1,4205	653,5	NAN	
154,101	1,413	652	NAN	
154,201	1,404	649,5	NAN	
154,301	1,401	647,5	NAN	
154,401	1,395	646	NAN	
154,501	1,3875	644,5	NAN	
154,601	1,3815	642,5	NAN	
154,701	1,3725	640	NAN	
154,801	1,365	637	NAN	
154,901	1,3605	635	NAN	
155,001	1,356	634	NAN	
155,101	1,3515	632,5	NAN	
155,201	1,344	630,5	NAN	
155,301	1,3425	629	NAN	
155,401	1,3335	627	NAN	
155,501	1,3245	624,5	NAN	
155,601	1,3245	623,5	NAN	
155,701	1,32	622	NAN	
155,801	1,317	621	NAN	
155,901	1,3155	620,5	NAN	
156,001	1,311	619	NAN	
156,101	1,305	617,5	NAN	
156,201	1,3005	616	NAN	
156,301	1,2975	614,5	NAN	
156,401	1,2975	614	NAN	
156,501	1,293	613,5	NAN	
156,601	1,29	612	NAN	
156,701	1,284	610	NAN	
156,801	1,2675	607	NAN	
156,901	1,2615	603,5	NAN	
157,001	1,26	602,5	NAN	
157,101	1,257	601,5	NAN	
157,201	1,254	601	NAN	
157,301	1,2495	599,5	NAN	
157,401	1,239	597	NAN	
157,501	1,2345	595	NAN	
157,601	1,227	593	NAN	
157,701	1,224	591,5	NAN	
157,801	1,218	589,5	NAN	
157,901	1,2165	588,5	NAN	
158,001	1,2135	587	NAN	
158,101	1,2045	586	NAN	
158,201	1,1985	583,5	NAN	
158,301	1,1925	581	NAN	
158,401	1,1895	579,5	NAN	
158,501	1,185	579	NAN	
158,601	1,1835	577,5	NAN	
158,701	1,179	576,5	NAN	
158,801	1,146	569	NAN	
158,901	1,125	561	NAN	
159,001	1,1085	555,5	NAN	
159,101	1,104	552	NAN	
159,201	1,098	550	NAN	
159,301	1,0965	548,5	NAN	
159,401	1,089	546,5	NAN	
159,501	1,0845	544,5	NAN	
159,601	1,077	543	NAN	
159,701	1,074	541	NAN	
159,801	1,0635	538,5	NAN	
159,901	1,059	536,5	NAN	
160,001	1,0545	534,5	NAN	
160,101	1,0455	532	NAN	
160,201	1,0335	528	NAN	
160,301	1,023	524	NAN	
160,401	1,017	521,5	NAN	
160,501	1,005	518,5	NAN	
160,601	1,0005	515,5	NAN	
160,701	0,993	513	NAN	
160,801	0,987	511,5	NAN	
160,901	0,9825	509	NAN	
161,001	0,981	508	NAN	
161,101	0,9795	507	NAN	
161,201	0,9765	506	NAN	
161,301	0,9735	505,5	NAN	
161,401	0,9735	505	NAN	
161,501	0,972	504,5	NAN	
161,601	0,969	503,5	NAN	
161,701	0,9675	503	NAN	
161,801	0,9555	499,5	NAN	
161,901	0,9465	497	NAN	
162,001	0,942	495	NAN	
162,101	0,936	492,5	NAN	
162,201	0,9345	491,5	NAN	
162,301	0,927	489	NAN	
162,401	0,921	487	NAN	
162,501	0,9045	483	NAN	
162,601	0,8985	479,5	NAN	
162,701	0,8895	476,5	NAN	
162,801	0,8805	473	NAN	
162,901	0,8745	470,5	NAN	
163,001	0,8715	469	NAN	
163,101	0,867	467	NAN	
163,201	0,8655	466	NAN	
163,301	0,8625	465	NAN	
163,401	0,8595	464	NAN	
163,501	0,8565	462,5	NAN	
163,601	0,8505	461	NAN	
163,701	0,8445	459,5	NAN	
163,801	0,8445	458,5	NAN	
163,901	0,8445	458	NAN	
164,001	0,8445	457,5	NAN	
164,101	0,8415	458	NAN	
164,201	0,84	457	NAN	
164,301	0,8295	454	NAN	
164,401	0,8205	450,5	NAN	
164,501	0,816	448,5	NAN	
164,601	0,81	446,5	NAN	
164,701	0,8055	444	NAN	
164,801	0,801	442,5	NAN	
164,901	0,801	442	NAN	
165,001	0,7995	441	NAN	
165,101	0,7965	440,5	NAN	
165,201	0,7845	436,5	NAN	
165,301	0,7785	434,5	NAN	
165,401	0,771	432	NAN	
165,501	0,765	429	NAN	
165,601	0,762	427,5	NAN	
165,701	0,756	425	NAN	
165,801	0,7515	423,5	NAN	
165,901	0,753	423	NAN	
166,001	0,753	422,5	NAN	
166,101	0,7515	422,5	NAN	
166,201	0,747	421,5	NAN	
166,301	0,7425	420	NAN	
166,401	0,741	419	NAN	
166,501	0,7365	417,5	NAN	
166,601	0,7275	415	NAN	
166,701	0,7215	412,5	NAN	
166,801	0,711	408,5	NAN	
166,901	0,708	406,5	NAN	
167,001	0,699	404	NAN	
167,101	0,6975	402	NAN	
167,201	0,693	401	NAN	
167,301	0,6885	399,5	NAN	
167,401	0,6825	397	NAN	
167,501	0,675	394	NAN	
167,601	0,6705	392	NAN	
167,701	0,663	389	NAN	
167,801	0,651	385	NAN	
167,901	0,651	383	NAN	
168,001	0,648	382,5	NAN	
168,101	0,6465	382	NAN	
168,201	0,648	381,5	NAN	
168,301	0,648	380,5	NAN	
168,401	0,6465	380,5	NAN	
168,501	0,6465	380,5	NAN	
168,601	0,6465	380,5	NAN	
168,701	0,645	380	NAN	
168,801	0,645	380	NAN	
168,901	0,6375	378,5	NAN	
169,001	0,636	377	NAN	
169,101	0,633	376	NAN	
169,201	0,6225	373,5	NAN	
169,301	0,621	371,5	NAN	
169,401	0,618	369	NAN	
169,501	0,612	367	NAN	
169,601	0,6045	364,5	NAN	
169,701	0,6015	363	NAN	
169,801	0,597	360,5	NAN	
169,901	0,5925	358,5	NAN	
170,001	0,585	356,5	NAN	
170,101	0,5835	355	NAN	
170,201	0,5775	353	NAN	
170,301	0,5685	349,5	NAN	
170,401	0,5595	346,5	NAN	
170,501	0,555	343,5	NAN	
170,601	0,549	340	NAN	
170,701	0,5445	339	NAN	
170,801	0,543	338	NAN	
170,901	0,546	337	NAN	
171,001	0,5415	336,5	NAN	
171,101	0,5355	335	NAN	
171,201	0,531	332,5	NAN	
171,301	0,5265	331	NAN	
171,401	0,525	330	NAN	
171,501	0,5205	328,5	NAN	
171,601	0,5175	326,5	NAN	
171,701	0,5145	324,5	NAN	
171,801	0,51	323	NAN	
171,901	0,507	321,5	NAN	
172,001	0,5025	320	NAN	
172,101	0,4995	318,5	NAN	
172,201	0,4965	317	NAN	
172,301	0,495	315,5	NAN	
172,401	0,4935	315	NAN	
172,501	0,4875	313	NAN	
172,601	0,4845	311,5	NAN	
172,701	0,4785	309	NAN	
172,801	0,4725	306,5	NAN	
172,901	0,4725	305	NAN	
173,001	0,462	302,5	NAN	
173,101	0,4575	299,5	NAN	
173,201	0,4515	296	NAN	
173,301	0,447	294	NAN	
173,401	0,444	292,5	NAN	
173,501	0,4425	291,5	NAN	
173,601	0,438	291	NAN	
173,701	0,4335	288,5	NAN	
173,801	0,4245	284,5	NAN	
173,901	0,4155	281,5	NAN	
174,001	0,411	277,5	NAN	
174,101	0,4035	274,5	NAN	
174,201	0,399	272,5	NAN	
174,301	0,3975	271	NAN	
174,401	0,3915	268,5	NAN	
174,501	0,387	266,5	NAN	
174,601	0,384	264,5	NAN	
174,701	0,378	262	NAN	
174,801	0,3735	259,5	NAN	
174,901	0,369	257,5	NAN	
175,001	0,3645	256	NAN	
175,101	0,3615	254,5	NAN	
175,201	0,357	252	NAN	
175,301	0,354	250	NAN	
175,401	0,3495	248,5	NAN	
175,501	0,3465	245,5	NAN	
175,601	0,336	242	NAN	
175,701	0,3255	236,5	NAN	
175,801	0,3165	232,5	NAN	
175,901	0,3135	231	NAN	
176,001	0,3105	229,5	NAN	
176,101	0,306	227,5	NAN	
176,201	0,2955	223	NAN	
176,301	0,2925	220	NAN	
176,401	0,2835	217	NAN	
176,501	0,2835	215	NAN	
176,601	0,2805	214	NAN	
176,701	0,279	212,5	NAN	
176,801	0,2745	211	NAN	
176,901	0,273	210	NAN	
177,001	0,2715	208,5	NAN	
177,101	0,264	206,5	NAN	
177,201	0,261	204,5	NAN	
177,301	0,2565	201,5	NAN	
177,401	0,2445	196,5	NAN	
177,501	0,237	193,5	NAN	
177,601	0,234	191	NAN	
177,701	0,2265	188,5	NAN	
177,801	0,2235	185	NAN	
177,901	0,2175	183,5	NAN	
178,001	0,219	182,5	NAN	
178,101	0,213	180,5	NAN	
178,201	0,207	178	NAN	
178,301	0,2055	176,5	NAN	
178,401	0,204	175,5	NAN	
178,501	0,2025	174,5	NAN	
178,601	0,189	169,5	NAN	
178,701	0,1785	165	NAN	
178,801	0,1755	162	NAN	
178,901	0,174	160,5	NAN	
179,001	0,1725	159,5	NAN	
179,101	0,1695	158,5	NAN	
179,201	0,165	157	NAN	
179,301	0,1575	154	NAN	
179,401	0,1455	148,5	NAN	
179,501	0,135	143	NAN	
179,601	0,117	134,5	NAN	
179,701	0,1125	131	NAN	
179,801	0,1095	129	NAN	
179,901	0,105	127	NAN	
180,001	0,102	125	NAN	
180,101	0,1005	124	NAN	
180,201	0,0975	122	NAN	
180,301	0,09	120	NAN	
180,401	0,0915	118,5	NAN	
180,501	0,0825	117	NAN	
180,601	0,084	114,5	NAN	
180,701	0,0825	113,5	NAN	
180,801	0,0795	112,5	NAN	
180,901	0,075	111	NAN	
181,001	0,066	107	NAN	
181,101	0,063	104,5	NAN	
181,201	0,0555	102	NAN	
181,301	0,054	101	NAN	
181,401	0,0495	99	NAN	
181,501	0,051	98	NAN	
181,601	0,039	95,5	NAN	
181,701	0,0375	92	NAN	
181,801	0,0315	90	NAN	
181,901	0,03	88,5	NAN	
182,001	0,027	86	NAN	
182,101	0,0195	85	NAN	
182,201	0,0075	78	NAN	
182,301	0,009	77	NAN	
182,401	0,0075	76	NAN	
182,501	0,009	76	NAN	
182,601	0,006	75,5	NAN	
182,701	0,006	75	NAN	
182,801	0,003	74	NAN	
182,901	-0,0015	73	NAN	
183,001	0	72,5	NAN	
183,101	0	72	NAN	
183,201	0	72	NAN	
183,301	0,0015	72	NAN	
183,401	0	71,5	NAN	
183,501	0,0015	71,5	NAN	
183,601	0,0015	72	NAN	
183,701	0	72	NAN	
183,801	-0,0015	71,5	NAN	
183,901	0,0015	71,5	NAN	
184,001	0,0015	72	NAN	
184,101	0	71,5	NAN	
184,201	0	71,5	NAN	
184,301	0	71,5	NAN	
184,401	0,0015	71,5	NAN	
184,501	0,0015	71,5	NAN	
184,601	0	71,5	NAN	
184,701	0	71,5	NAN	
184,801	-0,0015	71,5	NAN	
184,901	-0,0015	72	NAN	
185,001	0	72	NAN	
185,101	0	71,5	NAN	
185,201	0	71,5	NAN	
185,301	-0,0015	72	NAN	
185,401	0,0015	71,5	NAN	
185,501	0,0015	71,5	NAN	
185,601	0	72	NAN	
185,701	0	71,5	NAN	
185,801	0	71,5	NAN	
185,901	0,0015	71,5	NAN	
186,001	-0,0015	72	NAN	
186,101	0,0015	71,5	NAN	
186,201	0	71,5	NAN	
186,301	0	71,5	NAN	
186,401	-0,0015	71,5	NAN	
186,501	0,0015	71,5	NAN	
186,601	0	71,5	NAN	
186,701	0	71,5	NAN	
186,801	0	72	NAN	
186,901	0,0015	71,5	NAN	
187,001	0	71,5	NAN	
187,101	-0,0015	71,5	NAN	
187,201	0,0015	71,5	NAN	
187,301	-0,0015	71,5	NAN	
187,401	0	72	NAN	
187,501	0	71,5	NAN	
187,601	0	71,5	NAN	
187,701	0	71,5	NAN	
187,801	0,0015	72	NAN	
187,901	0,0015	71,5	NAN	
188,001	0,0015	71,5	NAN	
188,101	0,0015	71,5	NAN	
188,201	0	71,5	NAN	
188,301	-0,0015	71,5	NAN	
188,401	0	71,5	NAN	
188,501	0	71,5	NAN	
188,601	0	71,5	NAN	
188,701	0,0015	71,5	NAN	
188,801	0	71,5	NAN	
188,901	0	71,5	NAN	
189,001	0,0015	71,5	NAN	
189,101	-0,0015	71,5	NAN	
189,201	0	71,5	NAN	
189,301	-0,0015	71,5	NAN	
189,401	0,0015	71,5	NAN	
189,501	0	71,5	NAN	
189,601	0	71,5	NAN	
189,701	0	71,5	NAN	
189,801	0	71,5	NAN	
189,901	0	72	NAN	
190,001	0	71,5	NAN	
190,101	0,0015	71,5	NAN	
190,201	0,0015	71,5	NAN	
190,301	-0,0015	71,5	NAN	
190,401	0	71,5	NAN	
190,501	0	71,5	NAN	
190,601	0,0015	71,5	NAN	
190,701	0,0015	71,5	NAN	
190,801	-0,0015	71,5	NAN	
190,901	0,0015	71,5	NAN	
191,001	-0,0015	71,5	NAN	
191,101	0,0015	72	NAN	
191,201	0	71,5	NAN	
191,301	0,0015	71,5	NAN	
191,401	-0,0015	71,5	NAN	
191,501	0,0015	71,5	NAN	
191,601	0	72	NAN	
191,701	0	71,5	NAN	
191,801	0,0015	71,5	NAN	
191,901	-0,0015	71,5	NAN	
192,001	-0,0015	71,5	NAN	
192,101	0	71,5	NAN	
192,201	-0,0015	71,5	NAN	
192,301	0	71,5	NAN	
192,401	0	72	NAN	
192,501	0	71,5	NAN	
192,601	0,0015	71,5	NAN	
192,701	0	71,5	NAN	
192,801	0	71,5	NAN	
192,901	0	71,5	NAN	
193,001	0	71,5	NAN	
193,101	0,0015	71,5	NAN	
193,201	0,0015	71,5	NAN	
193,301	-0,0015	71,5	NAN	
193,401	-0,0015	71,5	NAN	
193,501	0	71,5	NAN	
193,601	0	72	NAN	
193,701	0,0015	71,5	NAN	
193,801	0	72	NAN	
193,901	0	71,5	NAN	
194,001	-0,0015	71,5	NAN	
194,101	0	71,5	NAN	
194,201	-0,0015	71,5	NAN	
194,301	0	71,5	NAN	
194,401	0	71,5	NAN	
194,501	-0,0015	71,5	NAN	
194,601	-0,006	70,5	NAN	
194,701	-0,0105	68,5	NAN	
194,801	-0,0105	67,5	NAN	
194,901	-0,012	67	NAN	
195,001	-0,009	67	NAN	
195,101	-0,0165	66	NAN	
195,201	-0,0255	62,5	NAN	
195,301	-0,0345	57,5	NAN	
195,401	-0,0375	55,5	NAN	
195,501	-0,039	54,5	NAN	
195,601	-0,0405	53	NAN	
195,701	-0,0465	50,5	NAN	
195,801	-0,0495	48,5	NAN	
195,901	-0,0525	47,5	NAN	
196,001	-0,0555	46	NAN	
196,101	-0,057	45	NAN	
196,201	-0,06	44	NAN	
196,301	-0,0645	42	NAN	
196,401	-0,0645	41	NAN	
196,501	-0,0645	40,5	NAN	
196,601	-0,0675	39,5	NAN	
196,701	-0,072	38,5	NAN	
196,801	-0,0735	36,5	NAN	
196,901	-0,075	36	NAN	
197,001	-0,0765	35	NAN	
197,101	-0,081	33,5	NAN	
197,201	-0,081	32,5	NAN	
197,301	-0,081	32	NAN	
197,401	-0,0825	32	NAN	
197,501	-0,084	31	NAN	
197,601	-0,087	30,5	NAN	
197,701	-0,09	29,5	NAN	
197,801	-0,09	28	NAN	
197,901	-0,093	27	NAN	
198,001	-0,093	26	NAN	
198,101	-0,0945	25,5	NAN	
198,201	-0,0975	24,5	NAN	
198,301	-0,0975	23,5	NAN	
198,401	-0,1005	23	NAN	
198,501	-0,102	22	NAN	
198,601	-0,1035	21	NAN	
198,701	-0,105	20,5	NAN	
198,801	-0,108	19,5	NAN	
198,901	-0,1155	16,5	NAN	
199,001	-0,129	10	NAN	
199,101	-0,1395	5	NAN	
199,201	-0,144	2,5	NAN	
199,301	-0,147	0,5	NAN	
199,401	-0,15	-0,5	NAN	
199,501	-0,153	-2,5	NAN	
199,601	-0,156	-5	NAN	
199,701	-0,162	-6,5	NAN	
199,801	-0,165	-8	NAN	
199,901	-0,1665	-9,5	NAN	
200,001	-0,171	-11	NAN	
200,101	-0,1755	-13,5	NAN	
200,201	-0,1815	-16	NAN	
200,301	-0,189	-19,5	NAN	
200,401	-0,195	-23	NAN	
200,501	-0,201	-25,5	NAN	
200,601	-0,2055	-28	NAN	
200,701	-0,2115	-31	NAN	
200,801	-0,219	-34,5	NAN	
200,901	-0,2205	-36	NAN	
201,001	-0,225	-38	NAN	
201,101	-0,2295	-39,5	NAN	
201,201	-0,231	-41	NAN	
201,301	-0,237	-43	NAN	
201,401	-0,24	-45,5	NAN	
201,501	-0,243	-47,5	NAN	
201,601	-0,243	-48	NAN	
201,701	-0,246	-48,5	NAN	
201,801	-0,246	-50	NAN	
201,901	-0,249	-50,5	NAN	
202,001	-0,2505	-51	NAN	
202,101	-0,2535	-52,5	NAN	
202,201	-0,255	-53,5	NAN	
202,301	-0,258	-55	NAN	
202,401	-0,2595	-56	NAN	
202,501	-0,2595	-56,5	NAN	
202,601	-0,261	-56,5	NAN	
202,701	-0,2625	-57,5	NAN	
202,801	-0,2625	-58	NAN	
202,901	-0,264	-58,5	NAN	
203,001	-0,264	-59,5	NAN	
203,101	-0,2685	-60	NAN	
203,201	-0,2715	-61,5	NAN	
203,301	-0,2745	-63	NAN	
203,401	-0,276	-64	NAN	
203,501	-0,276	-65	NAN	
203,601	-0,2775	-65,5	NAN	
203,701	-0,2775	-66	NAN	
203,801	-0,2805	-67	NAN	
203,901	-0,2835	-68	NAN	
204,001	-0,285	-69	NAN	
204,101	-0,2895	-70,5	NAN	
204,201	-0,2925	-72,5	NAN	
204,301	-0,2985	-74	NAN	
204,401	-0,3	-75,5	NAN	
204,501	-0,3015	-77	NAN	
204,601	-0,3045	-78,5	NAN	
204,701	-0,306	-79,5	NAN	
204,801	-0,312	-81	NAN	
204,901	-0,3135	-82,5	NAN	
205,001	-0,3165	-83,5	NAN	
205,101	-0,318	-85	NAN	
205,201	-0,3195	-85,5	NAN	
205,301	-0,321	-86,5	NAN	
205,401	-0,3255	-88	NAN	
205,501	-0,33	-89,5	NAN	
205,601	-0,336	-92,5	NAN	
205,701	-0,3405	-94,5	NAN	
205,801	-0,3435	-96,5	NAN	
205,901	-0,3495	-99	NAN	
206,001	-0,351	-101	NAN	
206,101	-0,354	-102,5	NAN	
206,201	-0,36	-104,5	NAN	
206,301	-0,369	-108	NAN	
206,401	-0,372	-110,5	NAN	
206,501	-0,3765	-111,5	NAN	
206,601	-0,375	-113	NAN	
206,701	-0,3795	-114	NAN	
206,801	-0,384	-116	NAN	
206,901	-0,3915	-118	NAN	
207,001	-0,396	-121	NAN	
207,101	-0,402	-124	NAN	
207,201	-0,408	-126,5	NAN	
207,301	-0,4125	-128,5	NAN	
207,401	-0,414	-130	NAN	
207,501	-0,414	-131	NAN	
207,601	-0,4185	-132,5	NAN	
207,701	-0,423	-134	NAN	
207,801	-0,4305	-137	NAN	
207,901	-0,438	-141,5	NAN	
208,001	-0,444	-144	NAN	
208,101	-0,447	-146	NAN	
208,201	-0,4515	-148	NAN	
208,301	-0,459	-151	NAN	
208,401	-0,468	-155	NAN	
208,501	-0,474	-158	NAN	
208,601	-0,4815	-161,5	NAN	
208,701	-0,4905	-165	NAN	
208,801	-0,4995	-170	NAN	
208,901	-0,51	-173,5	NAN	
209,001	-0,516	-177,5	NAN	
209,101	-0,5205	-180	NAN	
209,201	-0,525	-183	NAN	
209,301	-0,531	-185	NAN	
209,401	-0,5325	-187	NAN	
209,501	-0,537	-188,5	NAN	
209,601	-0,5445	-192	NAN	
209,701	-0,5505	-195	NAN	
209,801	-0,5535	-196,5	NAN	
209,901	-0,555	-198	NAN	
210,001	-0,5565	-198,5	NAN	
210,101	-0,5595	-200	NAN	
210,201	-0,564	-201,5	NAN	
210,301	-0,5655	-203	NAN	
210,401	-0,5685	-204	NAN	
210,501	-0,57	-205,5	NAN	
210,601	-0,5745	-207	NAN	
210,701	-0,582	-210	NAN	
210,801	-0,585	-212	NAN	
210,901	-0,5895	-213,5	NAN	
211,001	-0,5925	-215,5	NAN	
211,101	-0,594	-216,5	NAN	
211,201	-0,6	-218,5	NAN	
211,301	-0,6105	-221,5	NAN	
211,401	-0,621	-227	NAN	
211,501	-0,6285	-231	NAN	
211,601	-0,6345	-234	NAN	
211,701	-0,6345	-235	NAN	
211,801	-0,6345	-236	NAN	
211,901	-0,636	-236,5	NAN	
212,001	-0,636	-237	NAN	
212,101	-0,636	-237,5	NAN	
212,201	-0,6405	-238	NAN	
212,301	-0,648	-239	NAN	
212,401	-0,6615	-245	NAN	
212,501	-0,6675	-249	NAN	
212,601	-0,6765	-252	NAN	
212,701	-0,69	-258,5	NAN	
212,801	-0,702	-263	NAN	
212,901	-0,7035	-266,5	NAN	
213,001	-0,705	-267,5	NAN	
213,101	-0,7065	-268	NAN	
213,201	-0,7125	-270	NAN	
213,301	-0,7185	-272	NAN	
213,401	-0,7215	-274,5	NAN	
213,501	-0,726	-276	NAN	
213,601	-0,729	-278	NAN	
213,701	-0,7335	-279,5	NAN	
213,801	-0,7335	-280,5	NAN	
213,901	-0,735	-282	NAN	
214,001	-0,744	-284	NAN	
214,101	-0,744	-285,5	NAN	
214,201	-0,7425	-285,5	NAN	
214,301	-0,7425	-286	NAN	
214,401	-0,744	-286	NAN	
214,501	-0,744	-286,5	NAN	
214,601	-0,7425	-286	NAN	
214,701	-0,744	-286,5	NAN	
214,801	-0,7455	-286,5	NAN	
214,901	-0,7455	-287	NAN	
215,001	-0,753	-289,5	NAN	
215,101	-0,7665	-293	NAN	
215,201	-0,78	-298	NAN	
215,301	-0,7845	-302	NAN	
215,401	-0,7965	-306	NAN	
215,501	-0,807	-310,5	NAN	
215,601	-0,8175	-315	NAN	
215,701	-0,831	-320	NAN	
215,801	-0,837	-324	NAN	
215,901	-0,84	-326	NAN	
216,001	-0,8445	-328	NAN	
216,101	-0,8475	-330,5	NAN	
216,201	-0,858	-333,5	NAN	
216,301	-0,864	-336,5	NAN	
216,401	-0,87	-339,5	NAN	
216,501	-0,888	-345,5	NAN	
216,601	-0,8955	-349	NAN	
216,701	-0,9	-352	NAN	
216,801	-0,906	-355	NAN	
216,901	-0,9135	-357,5	NAN	
217,001	-0,921	-360,5	NAN	
217,101	-0,927	-363,5	NAN	
217,201	-0,93	-365,5	NAN	
217,301	-0,936	-368	NAN	
217,401	-0,9405	-370	NAN	
217,501	-0,9435	-371,5	NAN	
217,601	-0,948	-373,5	NAN	
217,701	-0,9525	-375	NAN	
217,801	-0,96	-378	NAN	
217,901	-0,969	-381,5	NAN	
218,001	-0,972	-383,5	NAN	
218,101	-0,975	-385	NAN	
218,201	-0,975	-386	NAN	
218,301	-0,978	-387	NAN	
218,401	-0,9795	-388	NAN	
218,501	-0,984	-389	NAN	
218,601	-0,987	-390,5	NAN	
218,701	-0,9915	-392	NAN	
218,801	-0,9945	-393,5	NAN	
218,901	-0,9975	-395	NAN	
219,001	-0,999	-396	NAN	
219,101	-1,0035	-397	NAN	
219,201	-1,008	-398,5	NAN	
219,301	-1,0095	-400,5	NAN	
219,401	-1,0125	-401	NAN	
219,501	-1,017	-403	NAN	
219,601	-1,0215	-404	NAN	
219,701	-1,0245	-406	NAN	
219,801	-1,032	-408	NAN	
219,901	-1,0305	-409,5	NAN	
220,001	-1,035	-411	NAN	
220,101	-1,038	-411,5	NAN	
220,201	-1,0395	-412,5	NAN	
220,301	-1,0425	-413,5	NAN	
220,401	-1,0425	-414,5	NAN	
220,501	-1,047	-415,5	NAN	
220,601	-1,05	-416,5	NAN	
220,701	-1,05	-417,5	NAN	
220,801	-1,053	-418,5	NAN	
220,901	-1,0575	-420	NAN	
221,001	-1,0605	-421	NAN	
221,101	-1,062	-421,5	NAN	
221,201	-1,062	-422	NAN	
221,301	-1,0635	-422,5	NAN	
221,401	-1,065	-423,5	NAN	
221,501	-1,0665	-424,5	NAN	
221,601	-1,071	-425,5	NAN	
221,701	-1,0725	-426	NAN	
221,801	-1,0725	-426,5	NAN	
221,901	-1,074	-427	NAN	
222,001	-1,077	-427,5	NAN	
222,101	-1,077	-428	NAN	
222,201	-1,0785	-429	NAN	
222,301	-1,0815	-430	NAN	
222,401	-1,0875	-431	NAN	
222,501	-1,0905	-432,5	NAN	
222,601	-1,095	-434,5	NAN	
222,701	-1,0965	-435,5	NAN	
222,801	-1,0995	-436,5	NAN	
222,901	-1,101	-438	NAN	
223,001	-1,1055	-439	NAN	
223,101	-1,1085	-440,5	NAN	
223,201	-1,1115	-441,5	NAN	
223,301	-1,1145	-442,5	NAN	
223,401	-1,119	-444	NAN	
223,501	-1,125	-446,5	NAN	
223,601	-1,128	-448,5	NAN	
223,701	-1,1355	-450,5	NAN	
223,801	-1,1415	-452,5	NAN	
223,901	-1,1445	-454	NAN	
224,001	-1,1475	-455,5	NAN	
224,101	-1,1505	-457	NAN	
224,201	-1,155	-458,5	NAN	
224,301	-1,1595	-460	NAN	
224,401	-1,1625	-461,5	NAN	
224,501	-1,167	-463	NAN	
224,601	-1,17	-464,5	NAN	
224,701	-1,173	-465,5	NAN	
224,801	-1,179	-467	NAN	
224,901	-1,179	-468,5	NAN	
225,001	-1,182	-469,5	NAN	
225,101	-1,1835	-470,5	NAN	
225,201	-1,188	-471,5	NAN	
225,301	-1,188	-472	NAN	
225,401	-1,1895	-472,5	NAN	
225,501	-1,191	-473	NAN	
225,601	-1,191	-473,5	NAN	
225,701	-1,191	-474	NAN	
225,801	-1,1925	-474	NAN	
225,901	-1,194	-474,5	NAN	
226,001	-1,1955	-475	NAN	
226,101	-1,1955	-475	NAN	
226,201	-1,1985	-476	NAN	
226,301	-1,1985	-476,5	NAN	
226,401	-1,2	-477	NAN	
226,501	-1,203	-478	NAN	
226,601	-1,206	-479	NAN	
226,701	-1,206	-479,5	NAN	
226,801	-1,206	-479,5	NAN	
226,901	-1,2075	-480	NAN	
227,001	-1,2075	-480,5	NAN	
227,101	-1,2105	-480,5	NAN	
227,201	-1,2105	-480,5	NAN	
227,301	-1,212	-481	NAN	
227,401	-1,2135	-482	NAN	
227,501	-1,2165	-483	NAN	
227,601	-1,221	-484	NAN	
227,701	-1,2255	-486	NAN	
227,801	-1,23	-487,5	NAN	
227,901	-1,23	-488,5	NAN	
228,001	-1,2315	-489,5	NAN	
228,101	-1,233	-489,5	NAN	
228,201	-1,236	-490	NAN	
228,301	-1,2375	-491	NAN	
228,401	-1,239	-491,5	NAN	
228,501	-1,2405	-492,5	NAN	
228,601	-1,2405	-493	NAN	
228,701	-1,242	-493	NAN	
228,801	-1,242	-493,5	NAN	
228,901	-1,2405	-494	NAN	
229,001	-1,2435	-494	NAN	
229,101	-1,245	-494,5	NAN	
229,201	-1,2495	-495	NAN	
229,301	-1,251	-496	NAN	
229,401	-1,254	-496,5	NAN	
229,501	-1,254	-497,5	NAN	
229,601	-1,254	-497,5	NAN	
229,701	-1,2555	-498	NAN	
229,801	-1,2585	-498	NAN	
229,901	-1,26	-499,5	NAN	
230,001	-1,26	-500	NAN	
230,101	-1,263	-500,5	NAN	
230,201	-1,2615	-501	NAN	
230,301	-1,2615	-501	NAN	
230,401	-1,266	-501,5	NAN	
230,501	-1,266	-501,5	NAN	
230,601	-1,275	-504	NAN	
230,701	-1,272	-504,5	NAN	
230,801	-1,2765	-505,5	NAN	
230,901	-1,2765	-506,5	NAN	
231,001	-1,2825	-507	NAN	
231,101	-1,2795	-507,5	NAN	
231,201	-1,284	-508	NAN	
231,301	-1,284	-508,5	NAN	
231,401	-1,2855	-509	NAN	
231,501	-1,2885	-509,5	NAN	
231,601	-1,287	-510	NAN	
231,701	-1,2885	-510,5	NAN	
231,801	-1,29	-510,5	NAN	
231,901	-1,293	-511,5	NAN	
232,001	-1,293	-512	NAN	
232,101	-1,2975	-513	NAN	
232,201	-1,3005	-514	NAN	
232,301	-1,305	-515	NAN	
232,401	-1,305	-516	NAN	
232,501	-1,308	-517,5	NAN	
232,601	-1,3125	-518,5	NAN	
232,701	-1,3155	-520	NAN	
232,801	-1,32	-521	NAN	
232,901	-1,3215	-521,5	NAN	
233,001	-1,3215	-522,5	NAN	
233,101	-1,323	-523,5	NAN	
233,201	-1,3275	-523,5	NAN	
233,301	-1,326	-524	NAN	
233,401	-1,329	-524,5	NAN	
233,501	-1,3275	-525	NAN	
233,601	-1,3275	-525	NAN	
233,701	-1,3335	-526,5	NAN	
233,801	-1,338	-527,5	NAN	
233,901	-1,344	-529,5	NAN	
234,001	-1,3455	-531	NAN	
234,101	-1,3515	-532,5	NAN	
234,201	-1,3575	-534,5	NAN	
234,301	-1,362	-536	NAN	
234,401	-1,362	-537	NAN	
234,501	-1,374	-540	NAN	
234,601	-1,3845	-543,5	NAN	
234,701	-1,3875	-545,5	NAN	
234,801	-1,392	-547	NAN	
234,901	-1,395	-548	NAN	
235,001	-1,3995	-550,5	NAN	
235,101	-1,404	-551,5	NAN	
235,201	-1,4085	-553	NAN	
235,301	-1,419	-555,5	NAN	
235,401	-1,4295	-559,5	NAN	
235,501	-1,431	-561	NAN	
235,601	-1,4325	-562	NAN	
235,701	-1,434	-563	NAN	
235,801	-1,4385	-564	NAN	
235,901	-1,4505	-567	NAN	
236,001	-1,4625	-570,5	NAN	
236,101	-1,4685	-573,5	NAN	
236,201	-1,4655	-574,5	NAN	
236,301	-1,47	-575	NAN	
236,401	-1,467	-575,5	NAN	
236,501	-1,47	-575,5	NAN	
236,601	-1,467	-575,5	NAN	
236,701	-1,4685	-575,5	NAN	
236,801	-1,467	-575,5	NAN	
236,901	-1,47	-575,5	NAN	
237,001	-1,4685	-575,5	NAN	
237,101	-1,473	-576	NAN	
237,201	-1,4805	-578	NAN	
237,301	-1,494	-582	NAN	
237,401	-1,5075	-586,5	NAN	
237,501	-1,527	-591,5	NAN	
237,601	-1,536	-595,5	NAN	
237,701	-1,554	-600	NAN	
237,801	-1,5645	-604,5	NAN	
237,901	-1,578	-608,5	NAN	
238,001	-1,5855	-612	NAN	
238,101	-1,599	-616	NAN	
238,201	-1,6065	-619,5	NAN	
238,301	-1,614	-621,5	NAN	
238,401	-1,617	-623	NAN	
238,501	-1,6245	-625,5	NAN	
238,601	-1,632	-628,5	NAN	
238,701	-1,641	-630,5	NAN	
238,801	-1,644	-632,5	NAN	
238,901	-1,6515	-634,5	NAN	
239,001	-1,659	-636,5	NAN	
239,101	-1,659	-638	NAN	
239,201	-1,665	-639,5	NAN	
239,301	-1,671	-641	NAN	
239,401	-1,6755	-642,5	NAN	
239,501	-1,6755	-643,5	NAN	
239,601	-1,6845	-645,5	NAN	
239,701	-1,689	-647	NAN	
239,801	-1,6905	-648	NAN	
239,901	-1,695	-649	NAN	
240,001	-1,6965	-650	NAN	
240,101	-1,704	-652	NAN	
240,201	-1,71	-653,5	NAN	
240,301	-1,7115	-655	NAN	
240,401	-1,7175	-656	NAN	
240,501	-1,7205	-657,5	NAN	
240,601	-1,728	-658,5	NAN	
240,701	-1,731	-660,5	NAN	
240,801	-1,737	-662	NAN	
240,901	-1,737	-663	NAN	
241,001	-1,74	-664	NAN	
241,101	-1,7445	-665	NAN	
241,201	-1,749	-666	NAN	
241,301	-1,755	-667,5	NAN	
241,401	-1,761	-669,5	NAN	
241,501	-1,7655	-671	NAN	
241,601	-1,779	-674	NAN	
241,701	-1,785	-677	NAN	
241,801	-1,794	-679,5	NAN	
241,901	-1,8015	-682	NAN	
242,001	-1,809	-684	NAN	
242,101	-1,8165	-686	NAN	
242,201	-1,821	-687,5	NAN	
242,301	-1,827	-689,5	NAN	
242,401	-1,83	-691	NAN	
242,501	-1,833	-692	NAN	
242,601	-1,839	-693,5	NAN	
242,701	-1,8495	-696	NAN	
242,801	-1,857	-698,5	NAN	
242,901	-1,863	-700,5	NAN	
243,001	-1,872	-703	NAN	
243,101	-1,881	-705,5	NAN	
243,201	-1,8855	-707	NAN	
243,301	-1,8885	-708	NAN	
243,401	-1,893	-709,5	NAN	
243,501	-1,902	-711,5	NAN	
243,601	-1,911	-714	NAN	
243,701	-1,914	-716	NAN	
243,801	-1,9185	-717	NAN	
243,901	-1,917	-717,5	NAN	
244,001	-1,92	-718,5	NAN	
244,101	-1,9275	-720	NAN	
244,201	-1,938	-721,5	NAN	
244,301	-1,941	-723,5	NAN	
244,401	-1,9455	-724,5	NAN	
244,501	-1,9455	-725,5	NAN	
244,601	-1,9515	-727	NAN	
244,701	-1,956	-728	NAN	
244,801	-1,9635	-730	NAN	
244,901	-1,9695	-731,5	NAN	
245,001	-1,971	-732,5	NAN	
245,101	-1,9815	-735	NAN	
245,201	-1,989	-736,5	NAN	
245,301	-1,995	-739	NAN	
245,401	-1,9995	-740,5	NAN	
245,501	-2,004	-742	NAN	
245,601	-2,01	-743	NAN	
245,701	-2,0145	-744,5	NAN	
245,801	-2,016	-745,5	NAN	
245,901	-2,0265	-747,5	NAN	
246,001	-2,031	-749,5	NAN	
246,101	-2,0385	-751	NAN	
246,201	-2,046	-752,5	NAN	
246,301	-2,0475	-754,5	NAN	
246,401	-2,0595	-756,5	NAN	
246,501	-2,0625	-758,5	NAN	
246,601	-2,073	-760	NAN	
246,701	-2,0775	-762	NAN	
246,801	-2,0805	-763,5	NAN	
246,901	-2,0835	-764	NAN	
247,001	-2,091	-765,5	NAN	
247,101	-2,0955	-767	NAN	
247,201	-2,1075	-769,5	NAN	
247,301	-2,118	-772,5	NAN	
247,401	-2,1255	-775	NAN	
247,501	-2,133	-776,5	NAN	
247,601	-2,1375	-778,5	NAN	
247,701	-2,1405	-780	NAN	
247,801	-2,148	-781,5	NAN	
247,901	-2,154	-782	NAN	
248,001	-2,166	-784	NAN	
248,101	-2,1735	-787	NAN	
248,201	-2,1795	-790	NAN	
248,301	-2,1975	-793,5	NAN	
248,401	-2,2155	-796	NAN	
248,501	-2,2245	-800,5	NAN	
248,601	-2,2395	-804	NAN	
248,701	-2,247	-807,5	NAN	
248,801	-2,256	-809,5	NAN	
248,901	-2,2575	-809,5	NAN	
249,001	-2,265	-812	NAN	
249,101	-2,2695	-812,5	NAN	
249,201	-2,271	-812,5	NAN	
249,301	-2,2755	-813,5	NAN	
249,401	-2,2785	-814	NAN	
249,501	-2,2875	-815,5	NAN	
249,601	-2,2935	-818,5	NAN	
249,701	-2,301	-819	NAN	
249,801	-2,3115	-821	NAN	
249,901	-2,319	-825,5	NAN	
250,001	-2,3295	-827,5	NAN	
250,101	-2,3355	-827	NAN	
250,201	-2,3415	-829	NAN	
250,301	-2,3445	-831,5	NAN	
250,401	-2,352	-830,5	NAN	
250,501	-2,3595	-836	NAN	
250,601	-2,367	-837	NAN	
250,701	-2,3715	-839	NAN	
250,801	-2,376	-840	NAN	
250,901	-2,3805	-841	NAN	
251,001	-2,3865	-842,5	NAN	
251,101	-2,394	-840,5	NAN	
251,201	-2,403	-843	NAN	
251,301	-2,412	-844	NAN	
251,401	-2,415	-845,5	NAN	
251,501	-2,421	-850,5	NAN	
251,601	-2,4285	-850	NAN	
251,701	-2,436	-853	NAN	
251,801	-2,4495	-853	NAN	
251,901	-2,463	-859,5	NAN	
252,001	-2,4705	-859	NAN	
252,101	-2,478	-859,5	NAN	
252,201	-2,4855	-861	NAN	
252,301	-2,49	-862,5	NAN	
252,401	-2,493	-864	NAN	
252,501	-2,496	-866	NAN	
252,601	-2,496	-868,5	NAN	
252,701	-2,5005	-865,5	NAN	
252,801	-2,505	-869,5	NAN	
252,901	-2,5095	-871	NAN	
253,001	-2,5095	-867,5	NAN	
253,101	-2,5125	-868,5	NAN	
253,201	-2,5185	-870	NAN	
253,301	-2,523	-870	NAN	
253,401	-2,5245	-874,5	NAN	
253,501	-2,526	-871	NAN	
253,601	-2,535	-876	NAN	
253,701	-2,5395	-873,5	NAN	
253,801	-2,5455	-875	NAN	
253,901	-2,5485	-878,5	NAN	
254,001	-2,553	-879,5	NAN	
254,101	-2,5545	-879,5	NAN	
254,201	-2,5575	-881,5	NAN	
254,301	-2,5635	-880	NAN	
254,401	-2,5665	-882	NAN	
254,501	-2,5755	-882	NAN	
254,601	-2,5785	-885,5	NAN	
254,701	-2,5875	-886,5	NAN	
254,801	-2,5965	-888	NAN	
254,901	-2,598	-886,5	NAN	
255,001	-2,6025	-890,5	NAN	
255,101	-2,6085	-888	NAN	
255,201	-2,6145	-893,5	NAN	
255,301	-2,6205	-894	NAN	
255,401	-2,628	-891,5	NAN	
255,501	-2,6295	-897	NAN	
255,601	-2,634	-893,5	NAN	
255,701	-2,6325	-895	NAN	
255,801	-2,6385	-894,5	NAN	
255,901	-2,643	-899,5	NAN	
256,001	-2,649	-897	NAN	
256,101	-2,652	-897,5	NAN	
256,201	-2,658	-898,5	NAN	
256,301	-2,6625	-903	NAN	
256,401	-2,6775	-904	NAN	
256,501	-2,6895	-905,5	NAN	
256,601	-2,6955	-907	NAN	
256,701	-2,7045	-908,5	NAN	
256,801	-2,709	-909,5	NAN	
256,901	-2,7195	-913	NAN	
257,001	-2,724	-915	NAN	
257,101	-2,733	-915,5	NAN	
257,201	-2,742	-913,5	NAN	
257,301	-2,748	-915,5	NAN	
257,401	-2,757	-921,5	NAN	
257,501	-2,766	-923,5	NAN	
257,601	-2,7735	-920	NAN	
257,701	-2,7765	-925,5	NAN	
257,801	-2,7825	-924	NAN	
257,901	-2,787	-927,5	NAN	
258,001	-2,7975	-929,5	NAN	
258,101	-2,802	-926	NAN	
258,201	-2,8065	-926,5	NAN	
258,301	-2,814	-927,5	NAN	
258,401	-2,817	-929	NAN	
258,501	-2,8245	-930,5	NAN	
258,601	-2,847	-937,5	NAN	
258,701	-2,8545	-935,5	NAN	
258,801	-2,8665	-939	NAN	
258,901	-2,88	-941,5	NAN	
259,001	-2,892	-946	NAN	
259,101	-2,898	-942,5	NAN	
259,201	-2,901	-943,5	NAN	
259,301	-2,9055	-944	NAN	
259,401	-2,9115	-946	NAN	
259,501	-2,919	-945,5	NAN	
259,601	-2,922	-948	NAN	
259,701	-2,922	-947,5	NAN	
259,801	-2,925	-950,5	NAN	
259,901	-2,922	-951,5	NAN	
260,001	-2,922	-950	NAN	
260,101	-2,922	-947	NAN	
260,201	-2,9235	-948	NAN	
260,301	-2,922	-952	NAN	
260,401	-2,922	-951,5	NAN	
260,501	-2,922	-947	NAN	
260,601	-2,922	-947,5	NAN	
260,701	-2,9205	-948,5	NAN	
260,801	-2,922	-952	NAN	
260,901	-2,922	-947,5	NAN	
261,001	-2,9205	-948	NAN	
261,101	-2,922	-948	NAN	
261,201	-2,922	-949,5	NAN	
261,301	-2,922	-947	NAN	
261,401	-2,9235	-950,5	NAN	
261,501	-2,922	-950	NAN	
261,601	-2,922	-949,5	NAN	
261,701	-2,922	-951,5	NAN	
261,801	-2,922	-947,5	NAN	
261,901	-2,9205	-950,5	NAN	
262,001	-2,922	-947	NAN	
262,101	-2,9205	-948	NAN	
262,201	-2,922	-950,5	NAN	
262,301	-2,922	-948,5	NAN	
262,401	-2,922	-952	NAN	
262,501	-2,9205	-949,5	NAN	
262,601	-2,9205	-951	NAN	
262,701	-2,922	-951,5	NAN	
262,801	-2,9205	-949	NAN	
262,901	-2,922	-947	NAN	
263,001	-2,922	-947,5	NAN	
263,101	-2,9205	-951	NAN	
263,201	-2,9205	-952	NAN	
263,301	-2,9205	-952	NAN	
263,401	-2,9205	-949	NAN	
263,501	-2,9205	-947,5	NAN	
263,601	-2,922	-946,5	NAN	
263,701	-2,9205	-951,5	NAN	
263,801	-2,9205	-950,5	NAN	
