['0', '-0,5', 'Null2']
0.0000 -0.5000 0.0000
-0.0015 -1.0000 0.0000
0.0015 -0.5000 0.0000
0.0015 -0.5000 0.0000
0.0000 -0.5000 0.0000
0.0015 -0.5000 0.0000
-0.0015 -0.5000 0.0000
0.0015 0.0000 0.0000
0.0015 -0.5000 0.0000
0.0000 0.0000 0.0000
0.0000 -0.5000 0.0000
-0.0015 -0.5000 0.0000
-0.0015 -0.5000 0.0000
0.0000 -1.0000 0.0000
0.0000 0.0000 0.0000
0.0015 -0.5000 0.0000
0.0000 -0.5000 0.0000
-0.0015 -0.5000 0.0000
-0.0510 -9.0000 0.0000
-0.1155 -26.5000 0.0000
-0.1770 -50.5000 0.0000
-0.2145 -67.5000 0.0000
-0.2640 -88.5000 0.0000
-0.2985 -105.5000 0.0000
-0.3210 -118.5000 0.0000
-0.3495 -131.0000 0.0000
-0.3750 -143.5000 0.0000
-0.4005 -155.0000 0.0000
-0.4350 -170.5000 0.0000
-0.4965 -196.0000 0.0000
-0.5385 -218.5000 0.0000
-0.5685 -234.0000 0.0000
-0.6030 -249.5000 0.0000
-0.6435 -267.5000 0.0000
-0.6975 -288.5000 0.0000
-0.7185 -301.5000 0.0000
-0.7395 -312.0000 0.0000
-0.7590 -321.5000 0.0000
-0.7995 -334.5000 0.0000
-0.8370 -350.5000 0.0000
-0.8520 -358.0000 0.0000
-0.8850 -369.5000 0.0000
-0.9045 -379.5000 0.0000
-0.9195 -386.5000 0.0000
-0.9345 -392.0000 0.0000
-0.9645 -401.5000 0.0000
-0.9885 -411.5000 0.0000
-1.0260 -424.5000 0.0000
-1.0635 -438.5000 0.0000
-1.0875 -448.0000 0.0000
-1.1010 -454.5000 0.0000
-1.1100 -459.0000 0.0000
-1.1160 -461.5000 0.0000
-1.1205 -463.5000 0.0000
-1.1190 -464.5000 0.0000
-1.1235 -465.5000 0.0000
-1.1235 -466.0000 0.0000
-1.1250 -466.5000 0.0000
-1.1250 -466.5000 0.0000
-1.1265 -467.0000 0.0000
-1.1265 -467.0000 0.0000
-1.1265 -467.0000 0.0000
-1.1265 -467.0000 0.0000
-1.1265 -467.0000 0.0000
-1.1265 -467.0000 0.0000
-1.1280 -467.0000 0.0000
-1.1265 -467.0000 0.0000
-1.1280 -467.0000 0.0000
-1.1265 -467.0000 0.0000
-1.1280 -467.0000 0.0000
-1.1265 -467.0000 0.0000
-1.1280 -467.5000 0.0000
-1.1280 -467.5000 0.0000
-1.1265 -467.0000 0.0000
-1.1265 -467.5000 0.0000
-1.1280 -467.0000 0.0000
-1.1265 -467.5000 0.0000
-1.1265 -467.0000 0.0000
-1.1280 -467.0000 0.0000
-1.1265 -467.5000 0.0000
-1.1265 -467.0000 0.0000
-1.1265 -467.0000 0.0000
-1.1280 -467.0000 0.0000
-1.1280 -467.5000 0.0000
-1.1280 -467.5000 0.0000
-1.1265 -467.5000 0.0000
-1.1265 -467.5000 0.0000
-1.1265 -467.5000 0.0000
-1.1265 -467.0000 0.0000
-1.1265 -467.0000 0.0000
-1.1325 -467.5000 0.0000
-1.1460 -472.0000 0.0000
-1.1805 -481.0000 0.0000
-1.2210 -494.0000 0.0000
-1.2540 -506.0000 0.0000
-1.2825 -516.0000 0.0000
-1.3020 -524.0000 0.0000
-1.3260 -532.0000 0.0000
-1.3500 -539.5000 0.0000
-1.3785 -548.5000 0.0000
-1.4025 -557.0000 0.0000
-1.4190 -563.5000 0.0000
-1.4295 -568.0000 0.0000
-1.4385 -571.0000 0.0000
-1.4430 -573.5000 0.0000
-1.4460 -575.0000 0.0000
-1.4565 -577.5000 0.0000
-1.4655 -580.0000 0.0000
-1.4760 -583.5000 0.0000
-1.4895 -587.5000 0.0000
-1.5000 -591.0000 0.0000
-1.5075 -594.0000 0.0000
-1.5270 -598.5000 0.0000
-1.5390 -602.5000 0.0000
-1.5510 -606.5000 0.0000
-1.5570 -610.0000 0.0000
-1.5675 -612.5000 0.0000
-1.5765 -615.5000 0.0000
-1.5855 -618.0000 0.0000
-1.5960 -621.0000 0.0000
-1.6035 -624.0000 0.0000
-1.6110 -626.0000 0.0000
-1.6155 -628.5000 0.0000
-1.6245 -630.5000 0.0000
-1.6320 -633.5000 0.0000
-1.6425 -635.0000 0.0000
-1.6515 -638.0000 0.0000
-1.6590 -641.0000 0.0000
-1.6665 -643.0000 0.0000
-1.6755 -646.0000 0.0000
-1.6830 -648.5000 0.0000
-1.6890 -650.5000 0.0000
-1.6935 -652.0000 0.0000
-1.6950 -653.0000 0.0000
-1.7055 -655.0000 0.0000
-1.7130 -658.0000 0.0000
-1.7205 -660.0000 0.0000
-1.7310 -662.5000 0.0000
-1.7430 -666.0000 0.0000
-1.7520 -668.5000 0.0000
-1.7610 -671.0000 0.0000
-1.7685 -674.0000 0.0000
-1.7775 -676.5000 0.0000
-1.7850 -679.0000 0.0000
-1.7925 -681.0000 0.0000
-1.7955 -682.5000 0.0000
-1.8000 -683.5000 0.0000
-1.8075 -686.0000 0.0000
-1.8150 -688.0000 0.0000
-1.8225 -690.5000 0.0000
-1.8300 -692.5000 0.0000
-1.8405 -694.5000 0.0000
-1.8420 -696.0000 0.0000
-1.8390 -696.5000 0.0000
-1.8405 -696.5000 0.0000
-1.8405 -696.5000 0.0000
-1.8405 -697.0000 0.0000
-1.8405 -697.0000 0.0000
-1.8420 -696.5000 0.0000
-1.8390 -697.0000 0.0000
-1.8405 -697.0000 0.0000
-1.8405 -697.0000 0.0000
-1.8405 -697.0000 0.0000
-1.8390 -696.5000 0.0000
-1.8405 -696.5000 0.0000
-1.8390 -697.0000 0.0000
-1.8405 -696.5000 0.0000
-1.8405 -697.0000 0.0000
-1.8405 -697.0000 0.0000
-1.8390 -697.0000 0.0000
-1.8390 -697.0000 0.0000
-1.8390 -697.0000 0.0000
-1.8420 -697.0000 0.0000
-1.8405 -697.0000 0.0000
-1.8390 -697.0000 0.0000
-1.8420 -697.0000 0.0000
-1.8390 -696.5000 0.0000
-1.8405 -697.0000 0.0000
-1.8405 -696.5000 0.0000
-1.8390 -697.0000 0.0000
-1.8390 -697.0000 0.0000
-1.8405 -696.5000 0.0000
-1.8375 -696.5000 0.0000
-1.8420 -697.0000 0.0000
-1.8480 -697.5000 0.0000
-1.8510 -699.5000 0.0000
-1.8615 -701.5000 0.0000
-1.8735 -704.0000 0.0000
-1.8885 -708.0000 0.0000
-1.9140 -714.5000 0.0000
-1.9245 -718.5000 0.0000
-1.9320 -721.0000 0.0000
-1.9380 -723.0000 0.0000
-1.9410 -724.0000 0.0000
-1.9575 -727.5000 0.0000
-1.9755 -732.5000 0.0000
-1.9905 -737.0000 0.0000
-2.0040 -740.0000 0.0000
-2.0160 -743.0000 0.0000
-2.0370 -749.0000 0.0000
-2.0475 -752.5000 0.0000
-2.0505 -754.0000 0.0000
-2.0535 -755.0000 0.0000
-2.0565 -756.0000 0.0000
-2.0565 -757.0000 0.0000
-2.0580 -757.0000 0.0000
-2.0595 -757.0000 0.0000
-2.0595 -757.5000 0.0000
-2.0580 -757.5000 0.0000
-2.0565 -757.0000 0.0000
-2.0565 -757.5000 0.0000
-2.0595 -757.5000 0.0000
-2.0565 -757.5000 0.0000
-2.0595 -757.5000 0.0000
-2.0580 -757.5000 0.0000
-2.0595 -757.5000 0.0000
-2.0580 -757.0000 0.0000
-2.0610 -757.5000 0.0000
-2.0580 -757.5000 0.0000
-2.0565 -757.5000 0.0000
-2.0580 -757.5000 0.0000
-2.0580 -757.5000 0.0000
-2.0580 -757.5000 0.0000
-2.0595 -758.0000 0.0000
-2.0580 -757.5000 0.0000
-2.0595 -757.5000 0.0000
-2.0595 -757.5000 0.0000
-2.0595 -757.5000 0.0000
-2.0610 -757.5000 0.0000
-2.0865 -761.5000 0.0000
-2.1255 -770.5000 0.0000
-2.1525 -777.5000 0.0000
-2.1690 -783.5000 0.0000
-2.1765 -787.5000 0.0000
-2.1900 -790.0000 0.0000
-2.2035 -794.0000 0.0000
-2.2170 -795.5000 0.0000
-2.2275 -800.5000 0.0000
-2.2395 -801.5000 0.0000
-2.2515 -806.0000 0.0000
-2.2725 -810.5000 0.0000
-2.2935 -815.0000 0.0000
-2.3040 -817.0000 0.0000
-2.3190 -820.0000 0.0000
-2.3280 -825.0000 0.0000
-2.3370 -827.5000 0.0000
-2.3475 -830.0000 0.0000
-2.3595 -833.5000 0.0000
-2.3730 -837.0000 0.0000
-2.3835 -838.5000 0.0000
-2.3880 -840.0000 0.0000
-2.3955 -841.0000 0.0000
-2.4105 -844.5000 0.0000
-2.4075 -846.5000 0.0000
-2.4075 -845.5000 0.0000
-2.4090 -844.5000 0.0000
-2.4075 -846.5000 0.0000
-2.4075 -844.5000 0.0000
-2.4075 -844.0000 0.0000
-2.4060 -845.5000 0.0000
-2.4090 -844.0000 0.0000
-2.4090 -844.0000 0.0000
-2.4075 -846.5000 0.0000
-2.4075 -846.5000 0.0000
-2.4075 -845.5000 0.0000
-2.4075 -844.0000 0.0000
-2.4075 -846.0000 0.0000
-2.4075 -846.5000 0.0000
-2.4075 -844.5000 0.0000
-2.4075 -844.0000 0.0000
-2.4060 -843.5000 0.0000
-2.4075 -846.5000 0.0000
-2.4075 -846.5000 0.0000
-2.4060 -844.5000 0.0000
-2.4075 -843.0000 0.0000
-2.4075 -843.0000 0.0000
-2.4075 -845.5000 0.0000
-2.4075 -844.5000 0.0000
-2.4195 -845.5000 0.0000
-2.4255 -849.0000 0.0000
-2.4525 -853.5000 0.0000
-2.4825 -860.0000 0.0000
-2.4885 -863.5000 0.0000
-2.5140 -868.0000 0.0000
-2.5515 -873.5000 0.0000
-2.5785 -877.5000 0.0000
-2.5980 -886.0000 0.0000
-2.6175 -890.0000 0.0000
-2.6280 -889.0000 0.0000
-2.6490 -892.5000 0.0000
-2.6655 -898.5000 0.0000
-2.6835 -902.0000 0.0000
-2.6970 -906.0000 0.0000
-2.6985 -905.0000 0.0000
-2.7015 -908.0000 0.0000
-2.7015 -907.0000 0.0000
-2.7030 -906.5000 0.0000
-2.7045 -906.0000 0.0000
-2.7030 -909.0000 0.0000
-2.7060 -906.5000 0.0000
-2.7030 -908.5000 0.0000
-2.7030 -905.5000 0.0000
-2.7030 -906.0000 0.0000
-2.7060 -906.0000 0.0000
-2.7030 -906.5000 0.0000
-2.7060 -905.5000 0.0000
-2.7045 -910.0000 0.0000
-2.7045 -906.0000 0.0000
-2.7045 -906.5000 0.0000
-2.7030 -909.5000 0.0000
-2.7030 -906.0000 0.0000
-2.7045 -906.0000 0.0000
-2.7045 -909.5000 0.0000
-2.7030 -910.0000 0.0000
-2.7045 -906.5000 0.0000
-2.7030 -906.0000 0.0000
-2.7060 -906.0000 0.0000
-2.7045 -910.0000 0.0000
-2.7060 -908.0000 0.0000
-2.7060 -910.0000 0.0000
-2.7075 -908.5000 0.0000
-2.7240 -913.0000 0.0000
-2.7435 -916.5000 0.0000
-2.7540 -918.5000 0.0000
-2.7690 -919.5000 0.0000
-2.7750 -918.5000 0.0000
-2.7825 -923.5000 0.0000
-2.7900 -925.5000 0.0000
-2.7975 -925.5000 0.0000
-2.8020 -928.0000 0.0000
-2.8035 -929.0000 0.0000
-2.8020 -924.5000 0.0000
-2.8035 -924.0000 0.0000
-2.8050 -929.0000 0.0000
-2.8050 -924.5000 0.0000
-2.8035 -929.5000 0.0000
-2.8050 -927.0000 0.0000
-2.8050 -927.0000 0.0000
-2.8050 -926.5000 0.0000
-2.8050 -927.0000 0.0000
-2.8050 -924.5000 0.0000
-2.8065 -927.5000 0.0000
-2.8065 -925.0000 0.0000
-2.8050 -925.5000 0.0000
-2.8050 -929.5000 0.0000
-2.8050 -925.0000 0.0000
-2.8035 -925.5000 0.0000
-2.8050 -926.5000 0.0000
-2.8050 -924.5000 0.0000
-2.8050 -929.0000 0.0000
-2.8050 -929.5000 0.0000
-2.8050 -929.5000 0.0000
-2.8050 -926.0000 0.0000
-2.8050 -925.0000 0.0000
-2.8050 -925.5000 0.0000
-2.8065 -928.5000 0.0000
-2.8260 -928.5000 0.0000
-2.8440 -930.0000 0.0000
-2.8530 -934.5000 0.0000
-2.8575 -938.5000 0.0000
-2.8605 -935.0000 0.0000
-2.8650 -935.0000 0.0000
-2.8755 -936.5000 0.0000
-2.8845 -938.5000 0.0000
-2.8965 -940.0000 0.0000
-2.9070 -947.0000 0.0000
-2.9085 -944.0000 0.0000
-2.9100 -946.5000 0.0000
-2.9130 -946.5000 0.0000
-2.9160 -948.5000 0.0000
-2.9385 -948.0000 0.0000
-2.9580 -953.0000 0.0000
-2.9625 -952.0000 0.0000
-2.9730 -954.0000 0.0000
-2.9805 -955.5000 0.0000
-2.9880 -959.5000 0.0000
-2.9895 -958.5000 0.0000
-2.9820 -961.5000 0.0000
-2.9700 -960.5000 0.0000
-2.9535 -955.0000 0.0000
-2.9250 -953.5000 0.0000
-2.9235 -951.5000 0.0000
-2.9265 -953.5000 0.0000
-2.9310 -952.0000 0.0000
-2.9340 -952.5000 0.0000
-2.9325 -957.5000 0.0000
-2.9325 -954.5000 0.0000
-2.9340 -953.0000 0.0000
-2.9340 -957.5000 0.0000
-2.9340 -955.0000 0.0000
-2.9340 -955.5000 0.0000
-2.9355 -954.5000 0.0000
-2.9265 -957.0000 0.0000
-2.9010 -951.5000 0.0000
-2.8770 -952.5000 0.0000
-2.8575 -945.5000 0.0000
-2.8425 -948.5000 0.0000
-2.8260 -946.5000 0.0000
-2.8080 -944.5000 0.0000
-2.7930 -942.0000 0.0000
-2.7720 -937.5000 0.0000
-2.7540 -935.0000 0.0000
-2.7420 -938.5000 0.0000
-2.7330 -937.5000 0.0000
-2.7105 -933.0000 0.0000
-2.6835 -927.5000 0.0000
-2.6625 -926.5000 0.0000
-2.6340 -925.5000 0.0000
-2.6145 -921.5000 0.0000
-2.5980 -915.5000 0.0000
-2.5785 -913.0000 0.0000
-2.5590 -913.0000 0.0000
-2.5455 -912.5000 0.0000
-2.5275 -906.5000 0.0000
-2.5140 -906.0000 0.0000
-2.5080 -906.0000 0.0000
-2.4990 -902.5000 0.0000
-2.4795 -902.5000 0.0000
-2.4525 -896.5000 0.0000
-2.4390 -892.5000 0.0000
-2.4255 -889.5000 0.0000
-2.4150 -887.5000 0.0000
-2.3955 -889.0000 0.0000
-2.3760 -885.0000 0.0000
-2.3580 -881.5000 0.0000
-2.3370 -873.5000 0.0000
-2.3205 -871.0000 0.0000
-2.3025 -868.0000 0.0000
-2.2860 -867.0000 0.0000
-2.2635 -864.5000 0.0000
-2.2470 -860.5000 0.0000
-2.2305 -855.5000 0.0000
-2.2215 -855.0000 0.0000
-2.2125 -852.0000 0.0000
-2.1960 -850.0000 0.0000
-2.1795 -846.5000 0.0000
-2.1600 -841.5000 0.0000
-2.1405 -839.0000 0.0000
-2.1255 -832.5000 0.0000
-2.1150 -831.0000 0.0000
-2.1030 -829.0000 0.0000
-2.0835 -825.5000 0.0000
-2.0685 -821.5000 0.0000
-2.0400 -816.5000 0.0000
-2.0325 -811.0000 0.0000
-2.0205 -808.5000 0.0000
-2.0085 -805.0000 0.0000
-2.0010 -803.0000 0.0000
-1.9845 -800.5000 0.0000
-1.9635 -796.0000 0.0000
-1.9470 -793.0000 0.0000
-1.9275 -786.5000 0.0000
-1.9125 -782.5000 0.0000
-1.9005 -779.5000 0.0000
-1.8870 -777.0000 0.0000
-1.8765 -774.0000 0.0000
-1.8690 -771.0000 0.0000
-1.8555 -768.5000 0.0000
-1.8345 -764.5000 0.0000
-1.8180 -759.0000 0.0000
-1.7850 -752.5000 0.0000
-1.7520 -744.0000 0.0000
-1.7325 -737.5000 0.0000
-1.7100 -731.0000 0.0000
-1.6950 -726.5000 0.0000
-1.6785 -721.0000 0.0000
-1.6800 -719.5000 0.0000
-1.6725 -718.0000 0.0000
-1.6725 -717.0000 0.0000
-1.6665 -715.5000 0.0000
-1.6215 -707.5000 0.0000
-1.5570 -692.5000 0.0000
-1.5180 -679.0000 0.0000
-1.5105 -672.5000 0.0000
-1.5090 -670.5000 0.0000
-1.5015 -668.5000 0.0000
-1.4895 -665.5000 0.0000
-1.4625 -659.0000 0.0000
-1.4385 -652.0000 0.0000
-1.4145 -645.0000 0.0000
-1.4010 -639.5000 0.0000
-1.3905 -636.0000 0.0000
-1.3815 -632.5000 0.0000
-1.3665 -628.5000 0.0000
-1.3575 -624.5000 0.0000
-1.3485 -621.5000 0.0000
-1.3395 -619.0000 0.0000
-1.3305 -616.5000 0.0000
-1.3185 -613.0000 0.0000
-1.3140 -610.0000 0.0000
-1.2960 -606.0000 0.0000
-1.2900 -603.0000 0.0000
-1.2810 -600.5000 0.0000
-1.2765 -598.5000 0.0000
-1.2600 -593.5000 0.0000
-1.2495 -591.0000 0.0000
-1.2405 -588.0000 0.0000
-1.2345 -585.5000 0.0000
-1.2240 -582.0000 0.0000
-1.2135 -579.0000 0.0000
-1.2075 -576.5000 0.0000
-1.2030 -574.0000 0.0000
-1.1895 -571.5000 0.0000
-1.1820 -568.0000 0.0000
-1.1745 -565.5000 0.0000
-1.1655 -562.5000 0.0000
-1.1535 -559.0000 0.0000
-1.1370 -554.0000 0.0000
-1.1265 -550.5000 0.0000
-1.1205 -547.5000 0.0000
-1.1085 -544.0000 0.0000
-1.1055 -542.0000 0.0000
-1.0995 -540.0000 0.0000
-1.0920 -538.0000 0.0000
-1.0830 -535.0000 0.0000
-1.0740 -532.5000 0.0000
-1.0620 -528.0000 0.0000
-1.0575 -526.0000 0.0000
-1.0530 -524.0000 0.0000
-1.0455 -522.0000 0.0000
-1.0410 -519.5000 0.0000
-1.0350 -518.0000 0.0000
-1.0275 -515.5000 0.0000
-1.0185 -512.5000 0.0000
-1.0110 -510.5000 0.0000
-0.9930 -505.5000 0.0000
-0.9810 -500.0000 0.0000
-0.9705 -496.5000 0.0000
-0.9690 -494.5000 0.0000
-0.9645 -493.0000 0.0000
-0.9375 -486.5000 0.0000
-0.9195 -479.5000 0.0000
-0.9120 -475.5000 0.0000
-0.9090 -473.5000 0.0000
-0.9045 -471.5000 0.0000
-0.9000 -469.5000 0.0000
-0.8970 -468.0000 0.0000
-0.8925 -466.0000 0.0000
-0.8790 -463.5000 0.0000
-0.8670 -458.5000 0.0000
-0.8610 -455.5000 0.0000
-0.8490 -452.5000 0.0000
-0.8355 -447.5000 0.0000
-0.8160 -441.5000 0.0000
-0.7995 -434.5000 0.0000
-0.7830 -428.5000 0.0000
-0.7725 -425.0000 0.0000
-0.7560 -419.0000 0.0000
-0.7515 -415.5000 0.0000
-0.7410 -412.0000 0.0000
-0.7275 -406.5000 0.0000
-0.7230 -404.0000 0.0000
-0.7125 -399.0000 0.0000
-0.6960 -394.0000 0.0000
-0.6810 -388.0000 0.0000
-0.6660 -382.5000 0.0000
-0.6435 -374.5000 0.0000
-0.6345 -369.0000 0.0000
-0.6240 -364.5000 0.0000
-0.6150 -360.5000 0.0000
-0.6015 -356.0000 0.0000
-0.5925 -351.5000 0.0000
-0.5835 -348.0000 0.0000
-0.5715 -343.0000 0.0000
-0.5595 -337.5000 0.0000
-0.5475 -332.5000 0.0000
-0.5415 -329.5000 0.0000
-0.5310 -324.5000 0.0000
-0.5235 -321.0000 0.0000
-0.5145 -317.0000 0.0000
-0.4995 -311.5000 0.0000
-0.4935 -308.0000 0.0000
-0.4845 -303.5000 0.0000
-0.4740 -299.0000 0.0000
-0.4650 -294.5000 0.0000
-0.4500 -288.5000 0.0000
-0.4425 -284.0000 0.0000
-0.4290 -278.5000 0.0000
-0.4080 -270.0000 0.0000
-0.4005 -265.0000 0.0000
-0.3945 -261.5000 0.0000
-0.3870 -258.0000 0.0000
-0.3780 -254.0000 0.0000
-0.3735 -251.5000 0.0000
-0.3615 -246.0000 0.0000
-0.3570 -242.5000 0.0000
-0.3450 -239.0000 0.0000
-0.3360 -234.0000 0.0000
-0.3270 -229.0000 0.0000
-0.3165 -224.5000 0.0000
-0.3075 -221.0000 0.0000
-0.2970 -215.0000 0.0000
-0.2835 -209.5000 0.0000
-0.2790 -205.5000 0.0000
-0.2670 -200.5000 0.0000
-0.2625 -196.5000 0.0000
-0.2550 -193.5000 0.0000
-0.2505 -191.0000 0.0000
-0.2430 -187.0000 0.0000
-0.2340 -183.5000 0.0000
-0.2250 -178.5000 0.0000
-0.2100 -172.5000 0.0000
-0.2010 -167.0000 0.0000
-0.1920 -163.0000 0.0000
-0.1890 -160.0000 0.0000
-0.1830 -157.0000 0.0000
-0.1785 -154.0000 0.0000
-0.1755 -152.0000 0.0000
-0.1725 -151.0000 0.0000
-0.1695 -149.5000 0.0000
-0.1680 -148.0000 0.0000
-0.1620 -146.0000 0.0000
-0.1575 -143.5000 0.0000
-0.1500 -140.5000 0.0000
-0.1485 -138.0000 0.0000
-0.1440 -136.5000 0.0000
-0.1410 -134.5000 0.0000
-0.1215 -128.0000 0.0000
-0.1155 -123.5000 0.0000
-0.1095 -121.0000 0.0000
-0.1080 -119.0000 0.0000
-0.1035 -116.5000 0.0000
-0.1005 -115.5000 0.0000
-0.0945 -112.5000 0.0000
-0.0900 -110.5000 0.0000
-0.0810 -106.0000 0.0000
-0.0720 -101.5000 0.0000
-0.0675 -97.5000 0.0000
-0.0540 -92.5000 0.0000
-0.0510 -90.0000 0.0000
-0.0390 -85.0000 0.0000
-0.0345 -83.0000 0.0000
-0.0330 -81.0000 0.0000
-0.0285 -78.0000 0.0000
-0.0240 -77.0000 0.0000
-0.0105 -71.5000 0.0000
-0.0105 -69.5000 0.0000
0.0000 -66.5000 0.0000
0.0000 -64.5000 0.0000
0.0000 -63.5000 0.0000
0.0000 -63.5000 0.0000
0.0000 -63.0000 0.0000
-0.0015 -63.0000 0.0000
0.0015 -62.5000 0.0000
0.0000 -62.0000 0.0000
0.0000 -62.5000 0.0000
0.0000 -62.5000 0.0000
0.0000 -62.5000 0.0000
0.0015 -62.5000 0.0000
0.0000 -62.5000 0.0000
0.0000 -62.5000 0.0000
-0.0015 -62.5000 0.0000
0.0015 -62.5000 0.0000
0.0000 -62.5000 0.0000
0.0000 -62.5000 0.0000
-0.0015 -62.0000 0.0000
0.0000 -62.5000 0.0000
0.0015 -62.5000 0.0000
0.0015 -62.0000 0.0000
0.0000 -62.5000 0.0000
0.0000 -62.5000 0.0000
0.0015 -62.5000 0.0000
0.0015 -62.5000 0.0000
0.0000 -62.0000 0.0000
-0.0015 -62.5000 0.0000
0.0000 -62.0000 0.0000
-0.0015 -62.5000 0.0000
0.0000 -62.5000 0.0000
-0.0015 -62.5000 0.0000
0.0015 -62.0000 0.0000
0.0015 -62.0000 0.0000
-0.0015 -62.5000 0.0000
0.0015 -62.5000 0.0000
-0.0015 -62.0000 0.0000
0.0000 -62.0000 0.0000
0.0000 -62.0000 0.0000
0.0015 -62.5000 0.0000
0.0000 -62.5000 0.0000
0.0000 -62.0000 0.0000
0.0000 -62.5000 0.0000
0.0000 -62.0000 0.0000
-0.0015 -62.0000 0.0000
0.0000 -62.5000 0.0000
0.0000 -62.5000 0.0000
-0.0015 -62.5000 0.0000
-0.0015 -62.5000 0.0000
0.0000 -62.0000 0.0000
0.0000 -62.0000 0.0000
0.0000 -62.5000 0.0000
0.0000 -62.0000 0.0000
0.0015 -62.0000 0.0000
-0.0015 -62.0000 0.0000
0.0015 -62.0000 0.0000
0.0000 -62.5000 0.0000
0.0015 -62.5000 0.0000
0.0000 -62.0000 0.0000
0.0015 -62.5000 0.0000
-0.0015 -62.0000 0.0000
0.0015 -62.0000 0.0000
0.0000 -62.0000 0.0000
-0.0015 -62.0000 0.0000
0.0000 -62.5000 0.0000
0.0000 -62.5000 0.0000
0.0015 -62.0000 0.0000
0.0000 -62.5000 0.0000
0.0000 -62.0000 0.0000
-0.0015 -62.5000 0.0000
0.0000 -62.0000 0.0000
0.0000 -62.0000 0.0000
-0.0015 -62.5000 0.0000
0.0000 -62.0000 0.0000
0.0000 -62.0000 0.0000
0.0015 -62.0000 0.0000
0.0015 -62.0000 0.0000
0.0000 -62.0000 0.0000
0.0000 -62.0000 0.0000
-0.0015 -62.0000 0.0000
0.0015 -62.0000 0.0000
0.0000 -62.0000 0.0000
0.0000 -62.0000 0.0000
0.0000 -62.5000 0.0000
0.0000 -62.5000 0.0000
0.0000 -62.0000 0.0000
-0.0015 -62.5000 0.0000
-0.0015 -62.5000 0.0000
0.0015 -62.0000 0.0000
0.0015 -62.0000 0.0000
0.0015 -62.0000 0.0000
0.0000 -62.0000 0.0000
0.0015 -62.0000 0.0000
0.0015 -62.5000 0.0000
0.0015 -62.5000 0.0000
0.0015 -62.0000 0.0000
0.0000 -62.5000 0.0000
0.0000 -62.0000 0.0000
0.0000 -62.5000 0.0000
0.0000 -62.0000 0.0000
0.0000 -62.0000 0.0000
-0.0015 -62.0000 0.0000
0.0000 -62.5000 0.0000
0.0000 -62.5000 0.0000
-0.0015 -62.5000 0.0000
-0.0015 -62.5000 0.0000
0.0000 -62.5000 0.0000
-0.0015 -62.5000 0.0000
0.0000 -62.0000 0.0000
0.0015 -62.0000 0.0000
0.0015 -62.5000 0.0000
0.0000 -62.0000 0.0000
0.0000 -62.0000 0.0000
0.0000 -62.0000 0.0000
0.0000 -62.0000 0.0000
0.0000 -62.5000 0.0000
0.0000 -62.0000 0.0000
0.0015 -62.0000 0.0000
0.0000 -62.0000 0.0000
-0.0015 -62.5000 0.0000
0.0000 -62.5000 0.0000
-0.0015 -62.0000 0.0000
0.0000 -62.5000 0.0000
0.0015 -62.0000 0.0000
-0.0015 -62.5000 0.0000
0.0000 -62.5000 0.0000
0.0015 -62.0000 0.0000
0.0000 -62.0000 0.0000
0.0000 -62.5000 0.0000
0.0060 -61.5000 0.0000
0.0180 -58.0000 0.0000
0.0165 -57.0000 0.0000
0.0300 -52.0000 0.0000
0.0420 -45.5000 0.0000
0.0510 -40.5000 0.0000
0.0570 -37.0000 0.0000
0.0600 -34.5000 0.0000
0.0630 -33.5000 0.0000
0.0660 -31.5000 0.0000
0.0765 -27.5000 0.0000
0.0765 -25.5000 0.0000
0.0795 -25.0000 0.0000
0.0870 -23.0000 0.0000
0.0930 -20.5000 0.0000
0.0975 -17.5000 0.0000
0.0990 -15.5000 0.0000
0.1050 -13.5000 0.0000
0.1065 -11.5000 0.0000
0.1095 -10.5000 0.0000
0.1110 -9.0000 0.0000
0.1230 -5.0000 0.0000
0.1425 3.0000 0.0000
0.1500 8.0000 0.0000
0.1560 11.5000 0.0000
0.1620 14.5000 0.0000
0.1695 18.0000 0.0000
0.1770 22.0000 0.0000
0.1830 25.0000 0.0000
0.1950 30.0000 0.0000
0.2085 36.5000 0.0000
0.2235 43.0000 0.0000
0.2325 48.0000 0.0000
0.2415 52.5000 0.0000
0.2430 55.0000 0.0000
0.2460 57.5000 0.0000
0.2505 59.0000 0.0000
0.2550 61.0000 0.0000
0.2625 64.0000 0.0000
0.2670 66.5000 0.0000
0.2730 69.5000 0.0000
0.2790 72.0000 0.0000
0.2790 73.5000 0.0000
0.2805 74.5000 0.0000
0.2820 75.5000 0.0000
0.2880 77.0000 0.0000
0.2880 78.0000 0.0000
0.2925 80.0000 0.0000
0.2955 82.5000 0.0000
0.3015 84.5000 0.0000
0.3090 87.5000 0.0000
0.3135 90.0000 0.0000
0.3180 92.5000 0.0000
0.3210 94.0000 0.0000
0.3315 97.5000 0.0000
0.3405 102.0000 0.0000
0.3480 105.0000 0.0000
0.3510 108.0000 0.0000
0.3555 110.5000 0.0000
0.3675 114.5000 0.0000
0.3765 118.5000 0.0000
0.3870 123.5000 0.0000
0.3975 128.5000 0.0000
0.4020 132.5000 0.0000
0.4080 134.5000 0.0000
0.4140 137.5000 0.0000
0.4185 139.5000 0.0000
0.4215 142.5000 0.0000
0.4275 144.5000 0.0000
0.4290 146.5000 0.0000
0.4350 148.0000 0.0000
0.4380 150.0000 0.0000
0.4410 152.0000 0.0000
0.4470 154.5000 0.0000
0.4485 155.5000 0.0000
0.4485 156.5000 0.0000
0.4515 157.0000 0.0000
0.4560 159.0000 0.0000
0.4620 161.5000 0.0000
0.4695 164.0000 0.0000
0.4725 166.5000 0.0000
0.4755 168.0000 0.0000
0.4755 169.5000 0.0000
0.4815 170.5000 0.0000
0.4860 173.0000 0.0000
0.4935 176.0000 0.0000
0.5085 182.0000 0.0000
0.5175 186.5000 0.0000
0.5265 190.5000 0.0000
0.5340 194.5000 0.0000
0.5385 197.0000 0.0000
0.5490 201.0000 0.0000
0.5580 204.5000 0.0000
0.5625 208.0000 0.0000
0.5685 210.5000 0.0000
0.5730 213.5000 0.0000
0.5835 217.5000 0.0000
0.5895 220.0000 0.0000
0.5895 222.0000 0.0000
0.5925 223.5000 0.0000
0.5955 225.0000 0.0000
0.6015 227.0000 0.0000
0.6075 229.5000 0.0000
0.6135 233.0000 0.0000
0.6225 236.0000 0.0000
0.6285 239.5000 0.0000
0.6390 243.0000 0.0000
0.6465 246.5000 0.0000
0.6540 250.5000 0.0000
0.6615 254.0000 0.0000
0.6660 256.5000 0.0000
0.6705 258.5000 0.0000
0.6750 261.0000 0.0000
0.6840 264.5000 0.0000
0.6900 267.5000 0.0000
0.6945 270.0000 0.0000
0.7035 273.0000 0.0000
0.7125 276.5000 0.0000
0.7185 280.0000 0.0000
0.7275 284.0000 0.0000
0.7335 287.0000 0.0000
0.7395 289.5000 0.0000
0.7470 292.5000 0.0000
0.7545 296.0000 0.0000
0.7575 298.5000 0.0000
0.7650 301.5000 0.0000
0.7725 305.0000 0.0000
0.7845 308.5000 0.0000
0.7920 312.0000 0.0000
0.7980 315.5000 0.0000
0.8055 318.5000 0.0000
0.8130 321.5000 0.0000
0.8175 324.5000 0.0000
0.8265 328.5000 0.0000
0.8370 332.0000 0.0000
0.8385 334.0000 0.0000
0.8415 335.5000 0.0000
0.8415 336.5000 0.0000
0.8475 338.5000 0.0000
0.8535 340.5000 0.0000
0.8595 343.0000 0.0000
0.8625 345.0000 0.0000
0.8685 347.0000 0.0000
0.8730 349.5000 0.0000
0.8940 354.5000 0.0000
0.9045 360.0000 0.0000
0.9090 363.5000 0.0000
0.9105 365.5000 0.0000
0.9150 367.5000 0.0000
0.9210 369.5000 0.0000
0.9315 373.5000 0.0000
0.9375 376.5000 0.0000
0.9435 379.0000 0.0000
0.9450 380.5000 0.0000
0.9495 382.5000 0.0000
0.9585 385.0000 0.0000
0.9675 389.0000 0.0000
0.9720 391.5000 0.0000
0.9735 393.0000 0.0000
0.9780 394.0000 0.0000
0.9825 396.0000 0.0000
0.9915 399.0000 0.0000
0.9990 402.0000 0.0000
1.0035 404.0000 0.0000
1.0095 407.0000 0.0000
1.0185 410.0000 0.0000
1.0290 414.0000 0.0000
1.0350 417.0000 0.0000
1.0425 420.5000 0.0000
1.0470 422.0000 0.0000
1.0515 424.5000 0.0000
1.0605 427.5000 0.0000
1.0665 430.5000 0.0000
1.0725 432.5000 0.0000
1.0755 434.0000 0.0000
1.0785 435.5000 0.0000
1.0830 437.5000 0.0000
1.0875 439.0000 0.0000
1.0935 442.0000 0.0000
1.0995 444.0000 0.0000
1.1055 446.5000 0.0000
1.1100 448.5000 0.0000
1.1175 450.5000 0.0000
1.1265 454.0000 0.0000
1.1310 456.5000 0.0000
1.1385 459.5000 0.0000
1.1430 461.5000 0.0000
1.1535 464.5000 0.0000
1.1625 468.0000 0.0000
1.1700 471.0000 0.0000
1.1790 473.5000 0.0000
1.1790 475.5000 0.0000
1.1850 478.0000 0.0000
1.1910 480.0000 0.0000
1.1985 482.5000 0.0000
1.2045 485.0000 0.0000
1.2060 487.0000 0.0000
1.2135 488.5000 0.0000
1.2195 491.5000 0.0000
1.2240 493.0000 0.0000
1.2300 495.0000 0.0000
1.2345 497.5000 0.0000
1.2435 500.5000 0.0000
1.2525 503.0000 0.0000
1.2555 504.5000 0.0000
1.2600 506.5000 0.0000
1.2615 507.5000 0.0000
1.2645 509.0000 0.0000
1.2720 511.5000 0.0000
1.2840 514.5000 0.0000
1.2870 516.5000 0.0000
1.2900 518.0000 0.0000
1.2960 520.0000 0.0000
1.3005 521.5000 0.0000
1.3020 523.0000 0.0000
1.3095 524.5000 0.0000
1.3140 527.0000 0.0000
1.3185 529.5000 0.0000
1.3200 530.5000 0.0000
1.3230 531.0000 0.0000
1.3275 532.5000 0.0000
1.3320 534.0000 0.0000
1.3365 535.5000 0.0000
1.3395 536.5000 0.0000
1.3425 538.0000 0.0000
1.3470 539.5000 0.0000
1.3545 542.0000 0.0000
1.3620 544.5000 0.0000
1.3725 547.0000 0.0000
1.3800 550.0000 0.0000
1.3845 553.0000 0.0000
1.3890 554.5000 0.0000
1.3965 556.5000 0.0000
1.4010 558.5000 0.0000
1.4055 560.0000 0.0000
1.4085 561.5000 0.0000
1.4130 562.5000 0.0000
1.4205 564.5000 0.0000
1.4250 566.5000 0.0000
1.4280 568.5000 0.0000
1.4325 570.0000 0.0000
1.4400 572.0000 0.0000
1.4475 574.5000 0.0000
1.4535 576.0000 0.0000
1.4580 578.5000 0.0000
1.4655 581.0000 0.0000
1.4715 583.0000 0.0000
1.4865 587.0000 0.0000
1.4970 591.0000 0.0000
1.5060 594.0000 0.0000
1.5150 597.5000 0.0000
1.5240 600.5000 0.0000
1.5315 603.0000 0.0000
1.5390 606.0000 0.0000
1.5525 609.0000 0.0000
1.5690 614.0000 0.0000
1.5810 618.5000 0.0000
1.5900 622.0000 0.0000
1.5990 625.5000 0.0000
1.6065 628.0000 0.0000
1.6125 630.0000 0.0000
1.6275 634.5000 0.0000
1.6320 636.5000 0.0000
1.6395 639.0000 0.0000
1.6440 640.5000 0.0000
1.6485 642.5000 0.0000
1.6530 644.0000 0.0000
1.6590 646.0000 0.0000
1.6620 647.0000 0.0000
1.6665 648.5000 0.0000
1.6725 650.0000 0.0000
1.6755 651.5000 0.0000
1.6800 653.0000 0.0000
1.6875 655.0000 0.0000
1.6935 657.0000 0.0000
1.7040 660.0000 0.0000
1.7070 661.5000 0.0000
1.7220 664.5000 0.0000
1.7220 666.5000 0.0000
1.7235 667.0000 0.0000
1.7280 667.5000 0.0000
1.7355 670.0000 0.0000
1.7490 673.0000 0.0000
1.7610 676.5000 0.0000
1.7835 682.5000 0.0000
1.7970 687.5000 0.0000
1.8135 692.0000 0.0000
1.8225 696.0000 0.0000
1.8300 699.0000 0.0000
1.8405 701.5000 0.0000
1.8525 704.5000 0.0000
1.8615 707.5000 0.0000
1.8690 710.5000 0.0000
1.8765 713.0000 0.0000
1.8810 714.5000 0.0000
1.8840 716.0000 0.0000
1.8885 717.5000 0.0000
1.8960 719.0000 0.0000
1.9140 723.0000 0.0000
1.9305 727.5000 0.0000
1.9410 731.0000 0.0000
1.9425 733.0000 0.0000
1.9485 734.5000 0.0000
1.9515 736.0000 0.0000
1.9560 736.5000 0.0000
1.9560 737.5000 0.0000
1.9605 738.0000 0.0000
1.9650 739.5000 0.0000
1.9680 740.5000 0.0000
1.9695 741.5000 0.0000
1.9740 743.0000 0.0000
1.9860 745.0000 0.0000
1.9950 747.5000 0.0000
2.0070 750.5000 0.0000
2.0175 753.5000 0.0000
2.0250 755.5000 0.0000
2.0250 756.5000 0.0000
2.0250 757.5000 0.0000
2.0280 758.0000 0.0000
2.0400 760.0000 0.0000
2.0505 762.5000 0.0000
2.0625 766.0000 0.0000
2.0715 768.5000 0.0000
2.0775 770.5000 0.0000
2.0865 772.5000 0.0000
2.0925 774.5000 0.0000
2.1030 777.0000 0.0000
2.1120 780.0000 0.0000
2.1225 782.5000 0.0000
2.1360 785.5000 0.0000
2.1450 788.5000 0.0000
2.1510 790.5000 0.0000
2.1540 792.0000 0.0000
2.1660 794.0000 0.0000
2.1720 796.5000 0.0000
2.1825 799.0000 0.0000
2.1840 800.0000 0.0000
2.1870 801.0000 0.0000
2.1975 803.0000 0.0000
2.1990 804.0000 0.0000
2.2065 805.0000 0.0000
2.2140 807.0000 0.0000
2.2230 809.0000 0.0000
2.2305 811.0000 0.0000
2.2365 813.0000 0.0000
2.2455 815.5000 0.0000
2.2500 817.0000 0.0000
2.2560 818.5000 0.0000
2.2635 820.0000 0.0000
2.2710 821.5000 0.0000
2.2950 826.0000 0.0000
2.3040 829.5000 0.0000
2.3055 830.5000 0.0000
2.3085 831.5000 0.0000
2.3115 832.5000 0.0000
2.3205 834.0000 0.0000
2.3340 836.5000 0.0000
2.3430 839.0000 0.0000
2.3640 843.0000 0.0000
2.3745 846.5000 0.0000
2.3835 849.0000 0.0000
2.3820 849.5000 0.0000
2.3820 850.0000 0.0000
2.3835 850.5000 0.0000
2.3865 850.5000 0.0000
2.3925 851.5000 0.0000
2.4060 854.0000 0.0000
2.4225 857.5000 0.0000
2.4315 860.0000 0.0000
2.4375 862.0000 0.0000
2.4555 864.5000 0.0000
2.4795 870.0000 0.0000
2.4915 873.5000 0.0000
2.5065 876.5000 0.0000
2.5260 880.5000 0.0000
2.5440 884.5000 0.0000
2.5545 887.5000 0.0000
2.5740 891.0000 0.0000
2.5980 895.5000 0.0000
2.6145 899.5000 0.0000
2.6325 903.5000 0.0000
2.6505 907.5000 0.0000
2.6715 911.0000 0.0000
2.6880 914.5000 0.0000
2.7120 919.0000 0.0000
2.7285 922.5000 0.0000
2.7450 926.0000 0.0000
2.7675 930.0000 0.0000
2.7945 934.5000 0.0000
2.8050 937.5000 0.0000
2.8140 939.5000 0.0000
2.8320 942.0000 0.0000
2.8500 946.0000 0.0000
2.8620 948.0000 0.0000
2.8680 949.5000 0.0000
2.8755 950.5000 0.0000
2.8845 952.0000 0.0000
2.8965 954.0000 0.0000
2.9115 956.5000 0.0000
2.9190 958.0000 0.0000
2.9325 960.0000 0.0000
2.9370 961.0000 0.0000
2.9370 961.5000 0.0000
2.9385 962.0000 0.0000
2.9400 962.0000 0.0000
2.9385 962.0000 0.0000
2.9400 962.0000 0.0000
2.9385 962.0000 0.0000
2.9385 962.0000 0.0000
2.9385 962.0000 0.0000
2.9385 962.0000 0.0000
2.9385 962.0000 0.0000
2.9355 962.0000 0.0000
2.9370 962.0000 0.0000
2.9385 962.0000 0.0000
2.9370 962.0000 0.0000
2.9385 962.0000 0.0000
2.9355 962.0000 0.0000
2.9355 962.0000 0.0000
2.9370 962.0000 0.0000
2.9370 962.0000 0.0000
2.9370 962.0000 0.0000
2.9355 962.0000 0.0000
2.9370 962.0000 0.0000
2.9370 961.5000 0.0000
2.9370 961.5000 0.0000
2.9355 962.0000 0.0000
2.9355 962.0000 0.0000
2.9355 961.5000 0.0000
2.9355 961.5000 0.0000
2.9370 961.5000 0.0000
2.9370 962.0000 0.0000
2.9370 962.0000 0.0000
2.9355 961.5000 0.0000
2.9370 962.0000 0.0000
2.9340 961.5000 0.0000
2.9355 962.0000 0.0000
2.9385 962.0000 0.0000
2.9370 961.5000 0.0000
2.9370 961.5000 0.0000
2.9370 962.0000 0.0000
2.9370 961.5000 0.0000
2.9370 962.0000 0.0000
2.9370 962.0000 0.0000
2.9340 961.5000 0.0000
2.9340 961.5000 0.0000
2.9355 961.5000 0.0000
2.9355 961.5000 0.0000
2.9340 962.0000 0.0000
2.9340 961.5000 0.0000
2.9355 961.5000 0.0000
2.9370 962.0000 0.0000
2.9370 962.0000 0.0000
2.9355 962.0000 0.0000
2.9355 962.0000 0.0000
2.9355 961.5000 0.0000
2.9370 962.0000 0.0000
2.9355 962.0000 0.0000
2.9355 961.5000 0.0000
2.9355 962.0000 0.0000
2.9340 962.0000 0.0000
2.9340 962.0000 0.0000
2.9355 962.0000 0.0000
2.9340 961.5000 0.0000
2.9340 962.0000 0.0000
2.9355 961.5000 0.0000
2.9370 961.5000 0.0000
2.9355 962.0000 0.0000
2.9340 962.0000 0.0000
2.9340 961.5000 0.0000
2.9340 961.5000 0.0000
2.9355 962.0000 0.0000
2.9355 961.5000 0.0000
2.9355 962.0000 0.0000
2.9340 962.0000 0.0000
2.9340 961.5000 0.0000
2.9340 961.5000 0.0000
2.9355 962.0000 0.0000
2.9340 961.5000 0.0000
2.9340 961.5000 0.0000
2.9355 961.5000 0.0000
2.9340 961.5000 0.0000
2.9310 961.5000 0.0000
2.9310 961.5000 0.0000
2.9295 961.0000 0.0000
2.9295 961.5000 0.0000
2.9250 961.0000 0.0000
2.9235 961.0000 0.0000
2.9220 960.5000 0.0000
2.9205 960.5000 0.0000
2.9190 960.5000 0.0000
2.9175 960.5000 0.0000
2.9175 960.0000 0.0000
2.9160 960.0000 0.0000
2.9130 960.5000 0.0000
2.9100 959.5000 0.0000
2.9040 959.5000 0.0000
2.9025 959.5000 0.0000
2.9010 959.0000 0.0000
2.8995 959.0000 0.0000
2.8995 959.0000 0.0000
2.8980 959.0000 0.0000
2.8965 959.0000 0.0000
2.8980 959.0000 0.0000
2.8965 958.5000 0.0000
2.8935 958.5000 0.0000
2.8935 958.5000 0.0000
2.8935 958.5000 0.0000
2.8935 958.5000 0.0000
2.8905 958.5000 0.0000
2.8905 958.5000 0.0000
2.8890 958.5000 0.0000
2.8905 958.0000 0.0000
2.8875 958.0000 0.0000
2.8860 958.0000 0.0000
2.8845 957.5000 0.0000
2.8785 957.0000 0.0000
2.8710 957.0000 0.0000
2.8710 956.5000 0.0000
2.8680 956.5000 0.0000
2.8650 956.5000 0.0000
2.8650 956.0000 0.0000
2.8650 956.0000 0.0000
2.8620 956.0000 0.0000
2.8620 955.5000 0.0000
2.8590 956.0000 0.0000
2.8560 955.5000 0.0000
2.8545 955.0000 0.0000
2.8515 955.0000 0.0000
2.8500 954.5000 0.0000
2.8485 954.5000 0.0000
2.8425 954.0000 0.0000
2.8410 954.0000 0.0000
2.8380 953.5000 0.0000
2.8320 953.5000 0.0000
2.8290 952.5000 0.0000
2.8230 952.0000 0.0000
2.8215 952.0000 0.0000
2.8185 951.5000 0.0000
2.8170 951.5000 0.0000
2.8155 951.5000 0.0000
2.8155 951.5000 0.0000
2.8095 951.0000 0.0000
2.8080 950.5000 0.0000
2.8005 949.5000 0.0000
2.7900 948.5000 0.0000
2.7795 948.0000 0.0000
2.7750 947.0000 0.0000
2.7705 946.5000 0.0000
2.7660 946.0000 0.0000
2.7630 945.5000 0.0000
2.7570 945.5000 0.0000
2.7540 945.0000 0.0000
2.7465 944.0000 0.0000
2.7375 943.0000 0.0000
2.7330 942.5000 0.0000
2.7255 942.0000 0.0000
2.7180 941.0000 0.0000
2.7120 940.5000 0.0000
2.7045 939.5000 0.0000
2.7000 939.0000 0.0000
2.6985 938.5000 0.0000
2.6940 938.0000 0.0000
2.6865 937.5000 0.0000
2.6820 937.0000 0.0000
2.6775 936.5000 0.0000
2.6715 935.5000 0.0000
2.6625 934.5000 0.0000
2.6490 933.0000 0.0000
2.6370 931.5000 0.0000
2.6310 930.5000 0.0000
2.6220 929.5000 0.0000
2.6145 928.5000 0.0000
2.6070 927.5000 0.0000
2.5995 926.5000 0.0000
2.5935 925.5000 0.0000
2.5920 925.0000 0.0000
2.5845 924.5000 0.0000
2.5770 923.5000 0.0000
2.5695 922.0000 0.0000
2.5620 921.5000 0.0000
2.5560 920.5000 0.0000
2.5545 920.0000 0.0000
2.5545 919.5000 0.0000
2.5470 919.0000 0.0000
2.5425 918.5000 0.0000
2.5380 917.5000 0.0000
2.5335 917.0000 0.0000
2.5290 916.0000 0.0000
2.5260 915.5000 0.0000
2.5200 915.0000 0.0000
2.5170 914.5000 0.0000
2.5095 913.5000 0.0000
2.5020 912.5000 0.0000
2.4900 910.5000 0.0000
2.4840 909.5000 0.0000
2.4750 908.5000 0.0000
2.4705 907.5000 0.0000
2.4645 907.0000 0.0000
2.4615 906.0000 0.0000
2.4555 905.0000 0.0000
2.4435 903.5000 0.0000
2.4360 902.0000 0.0000
2.4285 901.0000 0.0000
2.4270 900.5000 0.0000
2.4195 899.5000 0.0000
2.4135 898.5000 0.0000
2.4120 897.5000 0.0000
2.4075 897.0000 0.0000
2.4060 896.5000 0.0000
2.4045 896.5000 0.0000
2.4045 896.0000 0.0000
2.3970 895.5000 0.0000
2.3880 894.0000 0.0000
2.3775 892.5000 0.0000
2.3655 890.5000 0.0000
2.3595 889.0000 0.0000
2.3535 888.0000 0.0000
2.3520 887.5000 0.0000
2.3520 887.0000 0.0000
2.3520 887.0000 0.0000
2.3490 887.0000 0.0000
2.3460 886.0000 0.0000
2.3415 885.5000 0.0000
2.3400 885.0000 0.0000
2.3340 884.5000 0.0000
2.3280 883.5000 0.0000
2.3145 881.5000 0.0000
2.3115 880.0000 0.0000
2.3070 879.0000 0.0000
2.2980 878.0000 0.0000
2.2830 876.0000 0.0000
2.2620 872.0000 0.0000
2.2545 869.5000 0.0000
2.2530 868.5000 0.0000
2.2515 868.5000 0.0000
2.2485 868.0000 0.0000
2.2410 866.5000 0.0000
2.2395 866.5000 0.0000
2.2365 865.5000 0.0000
2.2335 864.5000 0.0000
2.2290 864.0000 0.0000
2.2275 863.5000 0.0000
2.2245 863.0000 0.0000
2.2170 862.0000 0.0000
2.2110 861.0000 0.0000
2.2050 859.5000 0.0000
2.1915 857.5000 0.0000
2.1885 856.0000 0.0000
2.1840 855.0000 0.0000
2.1825 854.5000 0.0000
2.1825 854.0000 0.0000
2.1735 853.0000 0.0000
2.1720 852.5000 0.0000
2.1660 851.0000 0.0000
2.1525 849.0000 0.0000
2.1525 848.0000 0.0000
2.1465 847.0000 0.0000
2.1405 846.0000 0.0000
2.1330 844.5000 0.0000
2.1285 843.0000 0.0000
2.1255 842.0000 0.0000
2.1210 841.5000 0.0000
2.1210 841.0000 0.0000
2.1165 840.0000 0.0000
2.1075 839.5000 0.0000
2.0895 836.0000 0.0000
2.0805 833.0000 0.0000
2.0715 831.0000 0.0000
2.0625 828.5000 0.0000
2.0550 827.0000 0.0000
2.0475 825.5000 0.0000
2.0460 824.5000 0.0000
2.0415 823.5000 0.0000
2.0400 822.5000 0.0000
2.0370 822.0000 0.0000
2.0325 821.5000 0.0000
2.0235 819.5000 0.0000
2.0130 817.5000 0.0000
2.0055 816.0000 0.0000
2.0010 814.0000 0.0000
1.9980 813.0000 0.0000
1.9920 812.0000 0.0000
1.9890 811.5000 0.0000
1.9860 810.5000 0.0000
1.9860 810.0000 0.0000
1.9740 808.0000 0.0000
1.9740 807.0000 0.0000
1.9725 807.0000 0.0000
1.9740 806.5000 0.0000
1.9650 805.5000 0.0000
1.9590 804.0000 0.0000
1.9500 802.0000 0.0000
1.9260 798.0000 0.0000
1.9110 794.0000 0.0000
1.8840 788.0000 0.0000
1.8660 782.5000 0.0000
1.8540 778.5000 0.0000
1.8390 775.0000 0.0000
1.8330 772.5000 0.0000
1.8225 770.0000 0.0000
1.8165 768.0000 0.0000
1.8135 766.5000 0.0000
1.8045 765.0000 0.0000
1.8000 763.0000 0.0000
1.7970 762.0000 0.0000
1.7925 760.5000 0.0000
1.7895 760.0000 0.0000
1.7865 759.5000 0.0000
1.7865 759.0000 0.0000
1.7835 758.5000 0.0000
1.7730 756.5000 0.0000
1.7715 755.5000 0.0000
1.7685 754.5000 0.0000
1.7640 753.5000 0.0000
1.7595 752.0000 0.0000
1.7565 751.0000 0.0000
1.7550 750.5000 0.0000
1.7580 750.5000 0.0000
1.7550 750.0000 0.0000
1.7505 749.5000 0.0000
1.7475 749.0000 0.0000
1.7505 748.5000 0.0000
1.7475 748.5000 0.0000
1.7460 748.0000 0.0000
1.7460 747.5000 0.0000
1.7445 747.5000 0.0000
1.7460 747.0000 0.0000
1.7385 746.5000 0.0000
1.7175 742.5000 0.0000
1.6935 737.0000 0.0000
1.6770 731.5000 0.0000
1.6635 727.0000 0.0000
1.6575 724.5000 0.0000
1.6500 722.0000 0.0000
1.6335 718.5000 0.0000
1.6245 715.5000 0.0000
1.6140 712.5000 0.0000
1.6095 710.5000 0.0000
1.6065 710.0000 0.0000
1.6050 708.5000 0.0000
1.5960 706.5000 0.0000
1.5885 704.5000 0.0000
1.5765 702.0000 0.0000
1.5765 700.5000 0.0000
1.5750 700.0000 0.0000
1.5750 699.5000 0.0000
1.5600 697.0000 0.0000
1.5525 694.0000 0.0000
1.5495 692.5000 0.0000
1.5450 691.5000 0.0000
1.5390 690.0000 0.0000
1.5360 689.0000 0.0000
1.5300 687.0000 0.0000
1.5255 685.0000 0.0000
1.5195 684.0000 0.0000
1.5150 682.5000 0.0000
1.5075 680.5000 0.0000
1.4985 678.5000 0.0000
1.4970 677.5000 0.0000
1.4895 675.0000 0.0000
1.4790 672.5000 0.0000
1.4700 670.0000 0.0000
1.4655 667.5000 0.0000
1.4610 666.0000 0.0000
1.4535 664.0000 0.0000
1.4520 663.5000 0.0000
1.4520 662.5000 0.0000
1.4490 662.0000 0.0000
1.4490 661.5000 0.0000
1.4475 661.0000 0.0000
1.4385 660.0000 0.0000
1.4310 658.0000 0.0000
1.4265 656.0000 0.0000
1.4205 653.5000 0.0000
1.4130 652.0000 0.0000
1.4040 649.5000 0.0000
1.4010 647.5000 0.0000
1.3950 646.0000 0.0000
1.3875 644.5000 0.0000
1.3815 642.5000 0.0000
1.3725 640.0000 0.0000
1.3650 637.0000 0.0000
1.3605 635.0000 0.0000
1.3560 634.0000 0.0000
1.3515 632.5000 0.0000
1.3440 630.5000 0.0000
1.3425 629.0000 0.0000
1.3335 627.0000 0.0000
1.3245 624.5000 0.0000
1.3245 623.5000 0.0000
1.3200 622.0000 0.0000
1.3170 621.0000 0.0000
1.3155 620.5000 0.0000
1.3110 619.0000 0.0000
1.3050 617.5000 0.0000
1.3005 616.0000 0.0000
1.2975 614.5000 0.0000
1.2975 614.0000 0.0000
1.2930 613.5000 0.0000
1.2900 612.0000 0.0000
1.2840 610.0000 0.0000
1.2675 607.0000 0.0000
1.2615 603.5000 0.0000
1.2600 602.5000 0.0000
1.2570 601.5000 0.0000
1.2540 601.0000 0.0000
1.2495 599.5000 0.0000
1.2390 597.0000 0.0000
1.2345 595.0000 0.0000
1.2270 593.0000 0.0000
1.2240 591.5000 0.0000
1.2180 589.5000 0.0000
1.2165 588.5000 0.0000
1.2135 587.0000 0.0000
1.2045 586.0000 0.0000
1.1985 583.5000 0.0000
1.1925 581.0000 0.0000
1.1895 579.5000 0.0000
1.1850 579.0000 0.0000
1.1835 577.5000 0.0000
1.1790 576.5000 0.0000
1.1460 569.0000 0.0000
1.1250 561.0000 0.0000
1.1085 555.5000 0.0000
1.1040 552.0000 0.0000
1.0980 550.0000 0.0000
1.0965 548.5000 0.0000
1.0890 546.5000 0.0000
1.0845 544.5000 0.0000
1.0770 543.0000 0.0000
1.0740 541.0000 0.0000
1.0635 538.5000 0.0000
1.0590 536.5000 0.0000
1.0545 534.5000 0.0000
1.0455 532.0000 0.0000
1.0335 528.0000 0.0000
1.0230 524.0000 0.0000
1.0170 521.5000 0.0000
1.0050 518.5000 0.0000
1.0005 515.5000 0.0000
0.9930 513.0000 0.0000
0.9870 511.5000 0.0000
0.9825 509.0000 0.0000
0.9810 508.0000 0.0000
0.9795 507.0000 0.0000
0.9765 506.0000 0.0000
0.9735 505.5000 0.0000
0.9735 505.0000 0.0000
0.9720 504.5000 0.0000
0.9690 503.5000 0.0000
0.9675 503.0000 0.0000
0.9555 499.5000 0.0000
0.9465 497.0000 0.0000
0.9420 495.0000 0.0000
0.9360 492.5000 0.0000
0.9345 491.5000 0.0000
0.9270 489.0000 0.0000
0.9210 487.0000 0.0000
0.9045 483.0000 0.0000
0.8985 479.5000 0.0000
0.8895 476.5000 0.0000
0.8805 473.0000 0.0000
0.8745 470.5000 0.0000
0.8715 469.0000 0.0000
0.8670 467.0000 0.0000
0.8655 466.0000 0.0000
0.8625 465.0000 0.0000
0.8595 464.0000 0.0000
0.8565 462.5000 0.0000
0.8505 461.0000 0.0000
0.8445 459.5000 0.0000
0.8445 458.5000 0.0000
0.8445 458.0000 0.0000
0.8445 457.5000 0.0000
0.8415 458.0000 0.0000
0.8400 457.0000 0.0000
0.8295 454.0000 0.0000
0.8205 450.5000 0.0000
0.8160 448.5000 0.0000
0.8100 446.5000 0.0000
0.8055 444.0000 0.0000
0.8010 442.5000 0.0000
0.8010 442.0000 0.0000
0.7995 441.0000 0.0000
0.7965 440.5000 0.0000
0.7845 436.5000 0.0000
0.7785 434.5000 0.0000
0.7710 432.0000 0.0000
0.7650 429.0000 0.0000
0.7620 427.5000 0.0000
0.7560 425.0000 0.0000
0.7515 423.5000 0.0000
0.7530 423.0000 0.0000
0.7530 422.5000 0.0000
0.7515 422.5000 0.0000
0.7470 421.5000 0.0000
0.7425 420.0000 0.0000
0.7410 419.0000 0.0000
0.7365 417.5000 0.0000
0.7275 415.0000 0.0000
0.7215 412.5000 0.0000
0.7110 408.5000 0.0000
0.7080 406.5000 0.0000
0.6990 404.0000 0.0000
0.6975 402.0000 0.0000
0.6930 401.0000 0.0000
0.6885 399.5000 0.0000
0.6825 397.0000 0.0000
0.6750 394.0000 0.0000
0.6705 392.0000 0.0000
0.6630 389.0000 0.0000
0.6510 385.0000 0.0000
0.6510 383.0000 0.0000
0.6480 382.5000 0.0000
0.6465 382.0000 0.0000
0.6480 381.5000 0.0000
0.6480 380.5000 0.0000
0.6465 380.5000 0.0000
0.6465 380.5000 0.0000
0.6465 380.5000 0.0000
0.6450 380.0000 0.0000
0.6450 380.0000 0.0000
0.6375 378.5000 0.0000
0.6360 377.0000 0.0000
0.6330 376.0000 0.0000
0.6225 373.5000 0.0000
0.6210 371.5000 0.0000
0.6180 369.0000 0.0000
0.6120 367.0000 0.0000
0.6045 364.5000 0.0000
0.6015 363.0000 0.0000
0.5970 360.5000 0.0000
0.5925 358.5000 0.0000
0.5850 356.5000 0.0000
0.5835 355.0000 0.0000
0.5775 353.0000 0.0000
0.5685 349.5000 0.0000
0.5595 346.5000 0.0000
0.5550 343.5000 0.0000
0.5490 340.0000 0.0000
0.5445 339.0000 0.0000
0.5430 338.0000 0.0000
0.5460 337.0000 0.0000
0.5415 336.5000 0.0000
0.5355 335.0000 0.0000
0.5310 332.5000 0.0000
0.5265 331.0000 0.0000
0.5250 330.0000 0.0000
0.5205 328.5000 0.0000
0.5175 326.5000 0.0000
0.5145 324.5000 0.0000
0.5100 323.0000 0.0000
0.5070 321.5000 0.0000
0.5025 320.0000 0.0000
0.4995 318.5000 0.0000
0.4965 317.0000 0.0000
0.4950 315.5000 0.0000
0.4935 315.0000 0.0000
0.4875 313.0000 0.0000
0.4845 311.5000 0.0000
0.4785 309.0000 0.0000
0.4725 306.5000 0.0000
0.4725 305.0000 0.0000
0.4620 302.5000 0.0000
0.4575 299.5000 0.0000
0.4515 296.0000 0.0000
0.4470 294.0000 0.0000
0.4440 292.5000 0.0000
0.4425 291.5000 0.0000
0.4380 291.0000 0.0000
0.4335 288.5000 0.0000
0.4245 284.5000 0.0000
0.4155 281.5000 0.0000
0.4110 277.5000 0.0000
0.4035 274.5000 0.0000
0.3990 272.5000 0.0000
0.3975 271.0000 0.0000
0.3915 268.5000 0.0000
0.3870 266.5000 0.0000
0.3840 264.5000 0.0000
0.3780 262.0000 0.0000
0.3735 259.5000 0.0000
0.3690 257.5000 0.0000
0.3645 256.0000 0.0000
0.3615 254.5000 0.0000
0.3570 252.0000 0.0000
0.3540 250.0000 0.0000
0.3495 248.5000 0.0000
0.3465 245.5000 0.0000
0.3360 242.0000 0.0000
0.3255 236.5000 0.0000
0.3165 232.5000 0.0000
0.3135 231.0000 0.0000
0.3105 229.5000 0.0000
0.3060 227.5000 0.0000
0.2955 223.0000 0.0000
0.2925 220.0000 0.0000
0.2835 217.0000 0.0000
0.2835 215.0000 0.0000
0.2805 214.0000 0.0000
0.2790 212.5000 0.0000
0.2745 211.0000 0.0000
0.2730 210.0000 0.0000
0.2715 208.5000 0.0000
0.2640 206.5000 0.0000
0.2610 204.5000 0.0000
0.2565 201.5000 0.0000
0.2445 196.5000 0.0000
0.2370 193.5000 0.0000
0.2340 191.0000 0.0000
0.2265 188.5000 0.0000
0.2235 185.0000 0.0000
0.2175 183.5000 0.0000
0.2190 182.5000 0.0000
0.2130 180.5000 0.0000
0.2070 178.0000 0.0000
0.2055 176.5000 0.0000
0.2040 175.5000 0.0000
0.2025 174.5000 0.0000
0.1890 169.5000 0.0000
0.1785 165.0000 0.0000
0.1755 162.0000 0.0000
0.1740 160.5000 0.0000
0.1725 159.5000 0.0000
0.1695 158.5000 0.0000
0.1650 157.0000 0.0000
0.1575 154.0000 0.0000
0.1455 148.5000 0.0000
0.1350 143.0000 0.0000
0.1170 134.5000 0.0000
0.1125 131.0000 0.0000
0.1095 129.0000 0.0000
0.1050 127.0000 0.0000
0.1020 125.0000 0.0000
0.1005 124.0000 0.0000
0.0975 122.0000 0.0000
0.0900 120.0000 0.0000
0.0915 118.5000 0.0000
0.0825 117.0000 0.0000
0.0840 114.5000 0.0000
0.0825 113.5000 0.0000
0.0795 112.5000 0.0000
0.0750 111.0000 0.0000
0.0660 107.0000 0.0000
0.0630 104.5000 0.0000
0.0555 102.0000 0.0000
0.0540 101.0000 0.0000
0.0495 99.0000 0.0000
0.0510 98.0000 0.0000
0.0390 95.5000 0.0000
0.0375 92.0000 0.0000
0.0315 90.0000 0.0000
0.0300 88.5000 0.0000
0.0270 86.0000 0.0000
0.0195 85.0000 0.0000
0.0075 78.0000 0.0000
0.0090 77.0000 0.0000
0.0075 76.0000 0.0000
0.0090 76.0000 0.0000
0.0060 75.5000 0.0000
0.0060 75.0000 0.0000
0.0030 74.0000 0.0000
-0.0015 73.0000 0.0000
0.0000 72.5000 0.0000
0.0000 72.0000 0.0000
0.0000 72.0000 0.0000
0.0015 72.0000 0.0000
0.0000 71.5000 0.0000
0.0015 71.5000 0.0000
0.0015 72.0000 0.0000
0.0000 72.0000 0.0000
-0.0015 71.5000 0.0000
0.0015 71.5000 0.0000
0.0015 72.0000 0.0000
0.0000 71.5000 0.0000
0.0000 71.5000 0.0000
0.0000 71.5000 0.0000
0.0015 71.5000 0.0000
0.0015 71.5000 0.0000
0.0000 71.5000 0.0000
0.0000 71.5000 0.0000
-0.0015 71.5000 0.0000
-0.0015 72.0000 0.0000
0.0000 72.0000 0.0000
0.0000 71.5000 0.0000
0.0000 71.5000 0.0000
-0.0015 72.0000 0.0000
0.0015 71.5000 0.0000
0.0015 71.5000 0.0000
0.0000 72.0000 0.0000
0.0000 71.5000 0.0000
0.0000 71.5000 0.0000
0.0015 71.5000 0.0000
-0.0015 72.0000 0.0000
0.0015 71.5000 0.0000
0.0000 71.5000 0.0000
0.0000 71.5000 0.0000
-0.0015 71.5000 0.0000
0.0015 71.5000 0.0000
0.0000 71.5000 0.0000
0.0000 71.5000 0.0000
0.0000 72.0000 0.0000
0.0015 71.5000 0.0000
0.0000 71.5000 0.0000
-0.0015 71.5000 0.0000
0.0015 71.5000 0.0000
-0.0015 71.5000 0.0000
0.0000 72.0000 0.0000
0.0000 71.5000 0.0000
0.0000 71.5000 0.0000
0.0000 71.5000 0.0000
0.0015 72.0000 0.0000
0.0015 71.5000 0.0000
0.0015 71.5000 0.0000
0.0015 71.5000 0.0000
0.0000 71.5000 0.0000
-0.0015 71.5000 0.0000
0.0000 71.5000 0.0000
0.0000 71.5000 0.0000
0.0000 71.5000 0.0000
0.0015 71.5000 0.0000
0.0000 71.5000 0.0000
0.0000 71.5000 0.0000
0.0015 71.5000 0.0000
-0.0015 71.5000 0.0000
0.0000 71.5000 0.0000
-0.0015 71.5000 0.0000
0.0015 71.5000 0.0000
0.0000 71.5000 0.0000
0.0000 71.5000 0.0000
0.0000 71.5000 0.0000
0.0000 71.5000 0.0000
0.0000 72.0000 0.0000
0.0000 71.5000 0.0000
0.0015 71.5000 0.0000
0.0015 71.5000 0.0000
-0.0015 71.5000 0.0000
0.0000 71.5000 0.0000
0.0000 71.5000 0.0000
0.0015 71.5000 0.0000
0.0015 71.5000 0.0000
-0.0015 71.5000 0.0000
0.0015 71.5000 0.0000
-0.0015 71.5000 0.0000
0.0015 72.0000 0.0000
0.0000 71.5000 0.0000
0.0015 71.5000 0.0000
-0.0015 71.5000 0.0000
0.0015 71.5000 0.0000
0.0000 72.0000 0.0000
0.0000 71.5000 0.0000
0.0015 71.5000 0.0000
-0.0015 71.5000 0.0000
-0.0015 71.5000 0.0000
0.0000 71.5000 0.0000
-0.0015 71.5000 0.0000
0.0000 71.5000 0.0000
0.0000 72.0000 0.0000
0.0000 71.5000 0.0000
0.0015 71.5000 0.0000
0.0000 71.5000 0.0000
0.0000 71.5000 0.0000
0.0000 71.5000 0.0000
0.0000 71.5000 0.0000
0.0015 71.5000 0.0000
0.0015 71.5000 0.0000
-0.0015 71.5000 0.0000
-0.0015 71.5000 0.0000
0.0000 71.5000 0.0000
0.0000 72.0000 0.0000
0.0015 71.5000 0.0000
0.0000 72.0000 0.0000
0.0000 71.5000 0.0000
-0.0015 71.5000 0.0000
0.0000 71.5000 0.0000
-0.0015 71.5000 0.0000
0.0000 71.5000 0.0000
0.0000 71.5000 0.0000
-0.0015 71.5000 0.0000
-0.0060 70.5000 0.0000
-0.0105 68.5000 0.0000
-0.0105 67.5000 0.0000
-0.0120 67.0000 0.0000
-0.0090 67.0000 0.0000
-0.0165 66.0000 0.0000
-0.0255 62.5000 0.0000
-0.0345 57.5000 0.0000
-0.0375 55.5000 0.0000
-0.0390 54.5000 0.0000
-0.0405 53.0000 0.0000
-0.0465 50.5000 0.0000
-0.0495 48.5000 0.0000
-0.0525 47.5000 0.0000
-0.0555 46.0000 0.0000
-0.0570 45.0000 0.0000
-0.0600 44.0000 0.0000
-0.0645 42.0000 0.0000
-0.0645 41.0000 0.0000
-0.0645 40.5000 0.0000
-0.0675 39.5000 0.0000
-0.0720 38.5000 0.0000
-0.0735 36.5000 0.0000
-0.0750 36.0000 0.0000
-0.0765 35.0000 0.0000
-0.0810 33.5000 0.0000
-0.0810 32.5000 0.0000
-0.0810 32.0000 0.0000
-0.0825 32.0000 0.0000
-0.0840 31.0000 0.0000
-0.0870 30.5000 0.0000
-0.0900 29.5000 0.0000
-0.0900 28.0000 0.0000
-0.0930 27.0000 0.0000
-0.0930 26.0000 0.0000
-0.0945 25.5000 0.0000
-0.0975 24.5000 0.0000
-0.0975 23.5000 0.0000
-0.1005 23.0000 0.0000
-0.1020 22.0000 0.0000
-0.1035 21.0000 0.0000
-0.1050 20.5000 0.0000
-0.1080 19.5000 0.0000
-0.1155 16.5000 0.0000
-0.1290 10.0000 0.0000
-0.1395 5.0000 0.0000
-0.1440 2.5000 0.0000
-0.1470 0.5000 0.0000
-0.1500 -0.5000 0.0000
-0.1530 -2.5000 0.0000
-0.1560 -5.0000 0.0000
-0.1620 -6.5000 0.0000
-0.1650 -8.0000 0.0000
-0.1665 -9.5000 0.0000
-0.1710 -11.0000 0.0000
-0.1755 -13.5000 0.0000
-0.1815 -16.0000 0.0000
-0.1890 -19.5000 0.0000
-0.1950 -23.0000 0.0000
-0.2010 -25.5000 0.0000
-0.2055 -28.0000 0.0000
-0.2115 -31.0000 0.0000
-0.2190 -34.5000 0.0000
-0.2205 -36.0000 0.0000
-0.2250 -38.0000 0.0000
-0.2295 -39.5000 0.0000
-0.2310 -41.0000 0.0000
-0.2370 -43.0000 0.0000
-0.2400 -45.5000 0.0000
-0.2430 -47.5000 0.0000
-0.2430 -48.0000 0.0000
-0.2460 -48.5000 0.0000
-0.2460 -50.0000 0.0000
-0.2490 -50.5000 0.0000
-0.2505 -51.0000 0.0000
-0.2535 -52.5000 0.0000
-0.2550 -53.5000 0.0000
-0.2580 -55.0000 0.0000
-0.2595 -56.0000 0.0000
-0.2595 -56.5000 0.0000
-0.2610 -56.5000 0.0000
-0.2625 -57.5000 0.0000
-0.2625 -58.0000 0.0000
-0.2640 -58.5000 0.0000
-0.2640 -59.5000 0.0000
-0.2685 -60.0000 0.0000
-0.2715 -61.5000 0.0000
-0.2745 -63.0000 0.0000
-0.2760 -64.0000 0.0000
-0.2760 -65.0000 0.0000
-0.2775 -65.5000 0.0000
-0.2775 -66.0000 0.0000
-0.2805 -67.0000 0.0000
-0.2835 -68.0000 0.0000
-0.2850 -69.0000 0.0000
-0.2895 -70.5000 0.0000
-0.2925 -72.5000 0.0000
-0.2985 -74.0000 0.0000
-0.3000 -75.5000 0.0000
-0.3015 -77.0000 0.0000
-0.3045 -78.5000 0.0000
-0.3060 -79.5000 0.0000
-0.3120 -81.0000 0.0000
-0.3135 -82.5000 0.0000
-0.3165 -83.5000 0.0000
-0.3180 -85.0000 0.0000
-0.3195 -85.5000 0.0000
-0.3210 -86.5000 0.0000
-0.3255 -88.0000 0.0000
-0.3300 -89.5000 0.0000
-0.3360 -92.5000 0.0000
-0.3405 -94.5000 0.0000
-0.3435 -96.5000 0.0000
-0.3495 -99.0000 0.0000
-0.3510 -101.0000 0.0000
-0.3540 -102.5000 0.0000
-0.3600 -104.5000 0.0000
-0.3690 -108.0000 0.0000
-0.3720 -110.5000 0.0000
-0.3765 -111.5000 0.0000
-0.3750 -113.0000 0.0000
-0.3795 -114.0000 0.0000
-0.3840 -116.0000 0.0000
-0.3915 -118.0000 0.0000
-0.3960 -121.0000 0.0000
-0.4020 -124.0000 0.0000
-0.4080 -126.5000 0.0000
-0.4125 -128.5000 0.0000
-0.4140 -130.0000 0.0000
-0.4140 -131.0000 0.0000
-0.4185 -132.5000 0.0000
-0.4230 -134.0000 0.0000
-0.4305 -137.0000 0.0000
-0.4380 -141.5000 0.0000
-0.4440 -144.0000 0.0000
-0.4470 -146.0000 0.0000
-0.4515 -148.0000 0.0000
-0.4590 -151.0000 0.0000
-0.4680 -155.0000 0.0000
-0.4740 -158.0000 0.0000
-0.4815 -161.5000 0.0000
-0.4905 -165.0000 0.0000
-0.4995 -170.0000 0.0000
-0.5100 -173.5000 0.0000
-0.5160 -177.5000 0.0000
-0.5205 -180.0000 0.0000
-0.5250 -183.0000 0.0000
-0.5310 -185.0000 0.0000
-0.5325 -187.0000 0.0000
-0.5370 -188.5000 0.0000
-0.5445 -192.0000 0.0000
-0.5505 -195.0000 0.0000
-0.5535 -196.5000 0.0000
-0.5550 -198.0000 0.0000
-0.5565 -198.5000 0.0000
-0.5595 -200.0000 0.0000
-0.5640 -201.5000 0.0000
-0.5655 -203.0000 0.0000
-0.5685 -204.0000 0.0000
-0.5700 -205.5000 0.0000
-0.5745 -207.0000 0.0000
-0.5820 -210.0000 0.0000
-0.5850 -212.0000 0.0000
-0.5895 -213.5000 0.0000
-0.5925 -215.5000 0.0000
-0.5940 -216.5000 0.0000
-0.6000 -218.5000 0.0000
-0.6105 -221.5000 0.0000
-0.6210 -227.0000 0.0000
-0.6285 -231.0000 0.0000
-0.6345 -234.0000 0.0000
-0.6345 -235.0000 0.0000
-0.6345 -236.0000 0.0000
-0.6360 -236.5000 0.0000
-0.6360 -237.0000 0.0000
-0.6360 -237.5000 0.0000
-0.6405 -238.0000 0.0000
-0.6480 -239.0000 0.0000
-0.6615 -245.0000 0.0000
-0.6675 -249.0000 0.0000
-0.6765 -252.0000 0.0000
-0.6900 -258.5000 0.0000
-0.7020 -263.0000 0.0000
-0.7035 -266.5000 0.0000
-0.7050 -267.5000 0.0000
-0.7065 -268.0000 0.0000
-0.7125 -270.0000 0.0000
-0.7185 -272.0000 0.0000
-0.7215 -274.5000 0.0000
-0.7260 -276.0000 0.0000
-0.7290 -278.0000 0.0000
-0.7335 -279.5000 0.0000
-0.7335 -280.5000 0.0000
-0.7350 -282.0000 0.0000
-0.7440 -284.0000 0.0000
-0.7440 -285.5000 0.0000
-0.7425 -285.5000 0.0000
-0.7425 -286.0000 0.0000
-0.7440 -286.0000 0.0000
-0.7440 -286.5000 0.0000
-0.7425 -286.0000 0.0000
-0.7440 -286.5000 0.0000
-0.7455 -286.5000 0.0000
-0.7455 -287.0000 0.0000
-0.7530 -289.5000 0.0000
-0.7665 -293.0000 0.0000
-0.7800 -298.0000 0.0000
-0.7845 -302.0000 0.0000
-0.7965 -306.0000 0.0000
-0.8070 -310.5000 0.0000
-0.8175 -315.0000 0.0000
-0.8310 -320.0000 0.0000
-0.8370 -324.0000 0.0000
-0.8400 -326.0000 0.0000
-0.8445 -328.0000 0.0000
-0.8475 -330.5000 0.0000
-0.8580 -333.5000 0.0000
-0.8640 -336.5000 0.0000
-0.8700 -339.5000 0.0000
-0.8880 -345.5000 0.0000
-0.8955 -349.0000 0.0000
-0.9000 -352.0000 0.0000
-0.9060 -355.0000 0.0000
-0.9135 -357.5000 0.0000
-0.9210 -360.5000 0.0000
-0.9270 -363.5000 0.0000
-0.9300 -365.5000 0.0000
-0.9360 -368.0000 0.0000
-0.9405 -370.0000 0.0000
-0.9435 -371.5000 0.0000
-0.9480 -373.5000 0.0000
-0.9525 -375.0000 0.0000
-0.9600 -378.0000 0.0000
-0.9690 -381.5000 0.0000
-0.9720 -383.5000 0.0000
-0.9750 -385.0000 0.0000
-0.9750 -386.0000 0.0000
-0.9780 -387.0000 0.0000
-0.9795 -388.0000 0.0000
-0.9840 -389.0000 0.0000
-0.9870 -390.5000 0.0000
-0.9915 -392.0000 0.0000
-0.9945 -393.5000 0.0000
-0.9975 -395.0000 0.0000
-0.9990 -396.0000 0.0000
-1.0035 -397.0000 0.0000
-1.0080 -398.5000 0.0000
-1.0095 -400.5000 0.0000
-1.0125 -401.0000 0.0000
-1.0170 -403.0000 0.0000
-1.0215 -404.0000 0.0000
-1.0245 -406.0000 0.0000
-1.0320 -408.0000 0.0000
-1.0305 -409.5000 0.0000
-1.0350 -411.0000 0.0000
-1.0380 -411.5000 0.0000
-1.0395 -412.5000 0.0000
-1.0425 -413.5000 0.0000
-1.0425 -414.5000 0.0000
-1.0470 -415.5000 0.0000
-1.0500 -416.5000 0.0000
-1.0500 -417.5000 0.0000
-1.0530 -418.5000 0.0000
-1.0575 -420.0000 0.0000
-1.0605 -421.0000 0.0000
-1.0620 -421.5000 0.0000
-1.0620 -422.0000 0.0000
-1.0635 -422.5000 0.0000
-1.0650 -423.5000 0.0000
-1.0665 -424.5000 0.0000
-1.0710 -425.5000 0.0000
-1.0725 -426.0000 0.0000
-1.0725 -426.5000 0.0000
-1.0740 -427.0000 0.0000
-1.0770 -427.5000 0.0000
-1.0770 -428.0000 0.0000
-1.0785 -429.0000 0.0000
-1.0815 -430.0000 0.0000
-1.0875 -431.0000 0.0000
-1.0905 -432.5000 0.0000
-1.0950 -434.5000 0.0000
-1.0965 -435.5000 0.0000
-1.0995 -436.5000 0.0000
-1.1010 -438.0000 0.0000
-1.1055 -439.0000 0.0000
-1.1085 -440.5000 0.0000
-1.1115 -441.5000 0.0000
-1.1145 -442.5000 0.0000
-1.1190 -444.0000 0.0000
-1.1250 -446.5000 0.0000
-1.1280 -448.5000 0.0000
-1.1355 -450.5000 0.0000
-1.1415 -452.5000 0.0000
-1.1445 -454.0000 0.0000
-1.1475 -455.5000 0.0000
-1.1505 -457.0000 0.0000
-1.1550 -458.5000 0.0000
-1.1595 -460.0000 0.0000
-1.1625 -461.5000 0.0000
-1.1670 -463.0000 0.0000
-1.1700 -464.5000 0.0000
-1.1730 -465.5000 0.0000
-1.1790 -467.0000 0.0000
-1.1790 -468.5000 0.0000
-1.1820 -469.5000 0.0000
-1.1835 -470.5000 0.0000
-1.1880 -471.5000 0.0000
-1.1880 -472.0000 0.0000
-1.1895 -472.5000 0.0000
-1.1910 -473.0000 0.0000
-1.1910 -473.5000 0.0000
-1.1910 -474.0000 0.0000
-1.1925 -474.0000 0.0000
-1.1940 -474.5000 0.0000
-1.1955 -475.0000 0.0000
-1.1955 -475.0000 0.0000
-1.1985 -476.0000 0.0000
-1.1985 -476.5000 0.0000
-1.2000 -477.0000 0.0000
-1.2030 -478.0000 0.0000
-1.2060 -479.0000 0.0000
-1.2060 -479.5000 0.0000
-1.2060 -479.5000 0.0000
-1.2075 -480.0000 0.0000
-1.2075 -480.5000 0.0000
-1.2105 -480.5000 0.0000
-1.2105 -480.5000 0.0000
-1.2120 -481.0000 0.0000
-1.2135 -482.0000 0.0000
-1.2165 -483.0000 0.0000
-1.2210 -484.0000 0.0000
-1.2255 -486.0000 0.0000
-1.2300 -487.5000 0.0000
-1.2300 -488.5000 0.0000
-1.2315 -489.5000 0.0000
-1.2330 -489.5000 0.0000
-1.2360 -490.0000 0.0000
-1.2375 -491.0000 0.0000
-1.2390 -491.5000 0.0000
-1.2405 -492.5000 0.0000
-1.2405 -493.0000 0.0000
-1.2420 -493.0000 0.0000
-1.2420 -493.5000 0.0000
-1.2405 -494.0000 0.0000
-1.2435 -494.0000 0.0000
-1.2450 -494.5000 0.0000
-1.2495 -495.0000 0.0000
-1.2510 -496.0000 0.0000
-1.2540 -496.5000 0.0000
-1.2540 -497.5000 0.0000
-1.2540 -497.5000 0.0000
-1.2555 -498.0000 0.0000
-1.2585 -498.0000 0.0000
-1.2600 -499.5000 0.0000
-1.2600 -500.0000 0.0000
-1.2630 -500.5000 0.0000
-1.2615 -501.0000 0.0000
-1.2615 -501.0000 0.0000
-1.2660 -501.5000 0.0000
-1.2660 -501.5000 0.0000
-1.2750 -504.0000 0.0000
-1.2720 -504.5000 0.0000
-1.2765 -505.5000 0.0000
-1.2765 -506.5000 0.0000
-1.2825 -507.0000 0.0000
-1.2795 -507.5000 0.0000
-1.2840 -508.0000 0.0000
-1.2840 -508.5000 0.0000
-1.2855 -509.0000 0.0000
-1.2885 -509.5000 0.0000
-1.2870 -510.0000 0.0000
-1.2885 -510.5000 0.0000
-1.2900 -510.5000 0.0000
-1.2930 -511.5000 0.0000
-1.2930 -512.0000 0.0000
-1.2975 -513.0000 0.0000
-1.3005 -514.0000 0.0000
-1.3050 -515.0000 0.0000
-1.3050 -516.0000 0.0000
-1.3080 -517.5000 0.0000
-1.3125 -518.5000 0.0000
-1.3155 -520.0000 0.0000
-1.3200 -521.0000 0.0000
-1.3215 -521.5000 0.0000
-1.3215 -522.5000 0.0000
-1.3230 -523.5000 0.0000
-1.3275 -523.5000 0.0000
-1.3260 -524.0000 0.0000
-1.3290 -524.5000 0.0000
-1.3275 -525.0000 0.0000
-1.3275 -525.0000 0.0000
-1.3335 -526.5000 0.0000
-1.3380 -527.5000 0.0000
-1.3440 -529.5000 0.0000
-1.3455 -531.0000 0.0000
-1.3515 -532.5000 0.0000
-1.3575 -534.5000 0.0000
-1.3620 -536.0000 0.0000
-1.3620 -537.0000 0.0000
-1.3740 -540.0000 0.0000
-1.3845 -543.5000 0.0000
-1.3875 -545.5000 0.0000
-1.3920 -547.0000 0.0000
-1.3950 -548.0000 0.0000
-1.3995 -550.5000 0.0000
-1.4040 -551.5000 0.0000
-1.4085 -553.0000 0.0000
-1.4190 -555.5000 0.0000
-1.4295 -559.5000 0.0000
-1.4310 -561.0000 0.0000
-1.4325 -562.0000 0.0000
-1.4340 -563.0000 0.0000
-1.4385 -564.0000 0.0000
-1.4505 -567.0000 0.0000
-1.4625 -570.5000 0.0000
-1.4685 -573.5000 0.0000
-1.4655 -574.5000 0.0000
-1.4700 -575.0000 0.0000
-1.4670 -575.5000 0.0000
-1.4700 -575.5000 0.0000
-1.4670 -575.5000 0.0000
-1.4685 -575.5000 0.0000
-1.4670 -575.5000 0.0000
-1.4700 -575.5000 0.0000
-1.4685 -575.5000 0.0000
-1.4730 -576.0000 0.0000
-1.4805 -578.0000 0.0000
-1.4940 -582.0000 0.0000
-1.5075 -586.5000 0.0000
-1.5270 -591.5000 0.0000
-1.5360 -595.5000 0.0000
-1.5540 -600.0000 0.0000
-1.5645 -604.5000 0.0000
-1.5780 -608.5000 0.0000
-1.5855 -612.0000 0.0000
-1.5990 -616.0000 0.0000
-1.6065 -619.5000 0.0000
-1.6140 -621.5000 0.0000
-1.6170 -623.0000 0.0000
-1.6245 -625.5000 0.0000
-1.6320 -628.5000 0.0000
-1.6410 -630.5000 0.0000
-1.6440 -632.5000 0.0000
-1.6515 -634.5000 0.0000
-1.6590 -636.5000 0.0000
-1.6590 -638.0000 0.0000
-1.6650 -639.5000 0.0000
-1.6710 -641.0000 0.0000
-1.6755 -642.5000 0.0000
-1.6755 -643.5000 0.0000
-1.6845 -645.5000 0.0000
-1.6890 -647.0000 0.0000
-1.6905 -648.0000 0.0000
-1.6950 -649.0000 0.0000
-1.6965 -650.0000 0.0000
-1.7040 -652.0000 0.0000
-1.7100 -653.5000 0.0000
-1.7115 -655.0000 0.0000
-1.7175 -656.0000 0.0000
-1.7205 -657.5000 0.0000
-1.7280 -658.5000 0.0000
-1.7310 -660.5000 0.0000
-1.7370 -662.0000 0.0000
-1.7370 -663.0000 0.0000
-1.7400 -664.0000 0.0000
-1.7445 -665.0000 0.0000
-1.7490 -666.0000 0.0000
-1.7550 -667.5000 0.0000
-1.7610 -669.5000 0.0000
-1.7655 -671.0000 0.0000
-1.7790 -674.0000 0.0000
-1.7850 -677.0000 0.0000
-1.7940 -679.5000 0.0000
-1.8015 -682.0000 0.0000
-1.8090 -684.0000 0.0000
-1.8165 -686.0000 0.0000
-1.8210 -687.5000 0.0000
-1.8270 -689.5000 0.0000
-1.8300 -691.0000 0.0000
-1.8330 -692.0000 0.0000
-1.8390 -693.5000 0.0000
-1.8495 -696.0000 0.0000
-1.8570 -698.5000 0.0000
-1.8630 -700.5000 0.0000
-1.8720 -703.0000 0.0000
-1.8810 -705.5000 0.0000
-1.8855 -707.0000 0.0000
-1.8885 -708.0000 0.0000
-1.8930 -709.5000 0.0000
-1.9020 -711.5000 0.0000
-1.9110 -714.0000 0.0000
-1.9140 -716.0000 0.0000
-1.9185 -717.0000 0.0000
-1.9170 -717.5000 0.0000
-1.9200 -718.5000 0.0000
-1.9275 -720.0000 0.0000
-1.9380 -721.5000 0.0000
-1.9410 -723.5000 0.0000
-1.9455 -724.5000 0.0000
-1.9455 -725.5000 0.0000
-1.9515 -727.0000 0.0000
-1.9560 -728.0000 0.0000
-1.9635 -730.0000 0.0000
-1.9695 -731.5000 0.0000
-1.9710 -732.5000 0.0000
-1.9815 -735.0000 0.0000
-1.9890 -736.5000 0.0000
-1.9950 -739.0000 0.0000
-1.9995 -740.5000 0.0000
-2.0040 -742.0000 0.0000
-2.0100 -743.0000 0.0000
-2.0145 -744.5000 0.0000
-2.0160 -745.5000 0.0000
-2.0265 -747.5000 0.0000
-2.0310 -749.5000 0.0000
-2.0385 -751.0000 0.0000
-2.0460 -752.5000 0.0000
-2.0475 -754.5000 0.0000
-2.0595 -756.5000 0.0000
-2.0625 -758.5000 0.0000
-2.0730 -760.0000 0.0000
-2.0775 -762.0000 0.0000
-2.0805 -763.5000 0.0000
-2.0835 -764.0000 0.0000
-2.0910 -765.5000 0.0000
-2.0955 -767.0000 0.0000
-2.1075 -769.5000 0.0000
-2.1180 -772.5000 0.0000
-2.1255 -775.0000 0.0000
-2.1330 -776.5000 0.0000
-2.1375 -778.5000 0.0000
-2.1405 -780.0000 0.0000
-2.1480 -781.5000 0.0000
-2.1540 -782.0000 0.0000
-2.1660 -784.0000 0.0000
-2.1735 -787.0000 0.0000
-2.1795 -790.0000 0.0000
-2.1975 -793.5000 0.0000
-2.2155 -796.0000 0.0000
-2.2245 -800.5000 0.0000
-2.2395 -804.0000 0.0000
-2.2470 -807.5000 0.0000
-2.2560 -809.5000 0.0000
-2.2575 -809.5000 0.0000
-2.2650 -812.0000 0.0000
-2.2695 -812.5000 0.0000
-2.2710 -812.5000 0.0000
-2.2755 -813.5000 0.0000
-2.2785 -814.0000 0.0000
-2.2875 -815.5000 0.0000
-2.2935 -818.5000 0.0000
-2.3010 -819.0000 0.0000
-2.3115 -821.0000 0.0000
-2.3190 -825.5000 0.0000
-2.3295 -827.5000 0.0000
-2.3355 -827.0000 0.0000
-2.3415 -829.0000 0.0000
-2.3445 -831.5000 0.0000
-2.3520 -830.5000 0.0000
-2.3595 -836.0000 0.0000
-2.3670 -837.0000 0.0000
-2.3715 -839.0000 0.0000
-2.3760 -840.0000 0.0000
-2.3805 -841.0000 0.0000
-2.3865 -842.5000 0.0000
-2.3940 -840.5000 0.0000
-2.4030 -843.0000 0.0000
-2.4120 -844.0000 0.0000
-2.4150 -845.5000 0.0000
-2.4210 -850.5000 0.0000
-2.4285 -850.0000 0.0000
-2.4360 -853.0000 0.0000
-2.4495 -853.0000 0.0000
-2.4630 -859.5000 0.0000
-2.4705 -859.0000 0.0000
-2.4780 -859.5000 0.0000
-2.4855 -861.0000 0.0000
-2.4900 -862.5000 0.0000
-2.4930 -864.0000 0.0000
-2.4960 -866.0000 0.0000
-2.4960 -868.5000 0.0000
-2.5005 -865.5000 0.0000
-2.5050 -869.5000 0.0000
-2.5095 -871.0000 0.0000
-2.5095 -867.5000 0.0000
-2.5125 -868.5000 0.0000
-2.5185 -870.0000 0.0000
-2.5230 -870.0000 0.0000
-2.5245 -874.5000 0.0000
-2.5260 -871.0000 0.0000
-2.5350 -876.0000 0.0000
-2.5395 -873.5000 0.0000
-2.5455 -875.0000 0.0000
-2.5485 -878.5000 0.0000
-2.5530 -879.5000 0.0000
-2.5545 -879.5000 0.0000
-2.5575 -881.5000 0.0000
-2.5635 -880.0000 0.0000
-2.5665 -882.0000 0.0000
-2.5755 -882.0000 0.0000
-2.5785 -885.5000 0.0000
-2.5875 -886.5000 0.0000
-2.5965 -888.0000 0.0000
-2.5980 -886.5000 0.0000
-2.6025 -890.5000 0.0000
-2.6085 -888.0000 0.0000
-2.6145 -893.5000 0.0000
-2.6205 -894.0000 0.0000
-2.6280 -891.5000 0.0000
-2.6295 -897.0000 0.0000
-2.6340 -893.5000 0.0000
-2.6325 -895.0000 0.0000
-2.6385 -894.5000 0.0000
-2.6430 -899.5000 0.0000
-2.6490 -897.0000 0.0000
-2.6520 -897.5000 0.0000
-2.6580 -898.5000 0.0000
-2.6625 -903.0000 0.0000
-2.6775 -904.0000 0.0000
-2.6895 -905.5000 0.0000
-2.6955 -907.0000 0.0000
-2.7045 -908.5000 0.0000
-2.7090 -909.5000 0.0000
-2.7195 -913.0000 0.0000
-2.7240 -915.0000 0.0000
-2.7330 -915.5000 0.0000
-2.7420 -913.5000 0.0000
-2.7480 -915.5000 0.0000
-2.7570 -921.5000 0.0000
-2.7660 -923.5000 0.0000
-2.7735 -920.0000 0.0000
-2.7765 -925.5000 0.0000
-2.7825 -924.0000 0.0000
-2.7870 -927.5000 0.0000
-2.7975 -929.5000 0.0000
-2.8020 -926.0000 0.0000
-2.8065 -926.5000 0.0000
-2.8140 -927.5000 0.0000
-2.8170 -929.0000 0.0000
-2.8245 -930.5000 0.0000
-2.8470 -937.5000 0.0000
-2.8545 -935.5000 0.0000
-2.8665 -939.0000 0.0000
-2.8800 -941.5000 0.0000
-2.8920 -946.0000 0.0000
-2.8980 -942.5000 0.0000
-2.9010 -943.5000 0.0000
-2.9055 -944.0000 0.0000
-2.9115 -946.0000 0.0000
-2.9190 -945.5000 0.0000
-2.9220 -948.0000 0.0000
-2.9220 -947.5000 0.0000
-2.9250 -950.5000 0.0000
-2.9220 -951.5000 0.0000
-2.9220 -950.0000 0.0000
-2.9220 -947.0000 0.0000
-2.9235 -948.0000 0.0000
-2.9220 -952.0000 0.0000
-2.9220 -951.5000 0.0000
-2.9220 -947.0000 0.0000
-2.9220 -947.5000 0.0000
-2.9205 -948.5000 0.0000
-2.9220 -952.0000 0.0000
-2.9220 -947.5000 0.0000
-2.9205 -948.0000 0.0000
-2.9220 -948.0000 0.0000
-2.9220 -949.5000 0.0000
-2.9220 -947.0000 0.0000
-2.9235 -950.5000 0.0000
-2.9220 -950.0000 0.0000
-2.9220 -949.5000 0.0000
-2.9220 -951.5000 0.0000
-2.9220 -947.5000 0.0000
-2.9205 -950.5000 0.0000
-2.9220 -947.0000 0.0000
-2.9205 -948.0000 0.0000
-2.9220 -950.5000 0.0000
-2.9220 -948.5000 0.0000
-2.9220 -952.0000 0.0000
-2.9205 -949.5000 0.0000
-2.9205 -951.0000 0.0000
-2.9220 -951.5000 0.0000
-2.9205 -949.0000 0.0000
-2.9220 -947.0000 0.0000
-2.9220 -947.5000 0.0000
-2.9205 -951.0000 0.0000
-2.9205 -952.0000 0.0000
-2.9205 -952.0000 0.0000
-2.9205 -949.0000 0.0000
-2.9205 -947.5000 0.0000
-2.9220 -946.5000 0.0000
-2.9205 -951.5000 0.0000
-2.9205 -950.5000 0.0000
