#B 0 I
0 0 -0,5
-0,0015 0 -1
0,0015 0 -0,5
0,0015 0 -0,5
0 0 -0,5
0,0015 0 -0,5
-0,0015 0 -0,5
0,0015 0 0
0,0015 0 -0,5
0 0 0
0 0 -0,5
-0,0015 0 -0,5
-0,0015 0 -0,5
0 0 -1
0 0 0
0,0015 0 -0,5
0 0 -0,5
-0,0015 0 -0,5
-0,051 0 -9
-0,1155 0 -26,5
-0,177 0 -50,5
-0,2145 0 -67,5
-0,264 0 -88,5
-0,2985 0 -105,5
-0,321 0 -118,5
-0,3495 0 -131
-0,375 0 -143,5
-0,4005 0 -155
-0,435 0 -170,5
-0,4965 0 -196
-0,5385 0 -218,5
-0,5685 0 -234
-0,603 0 -249,5
-0,6435 0 -267,5
-0,6975 0 -288,5
-0,7185 0 -301,5
-0,7395 0 -312
-0,759 0 -321,5
-0,7995 0 -334,5
-0,837 0 -350,5
-0,852 0 -358
-0,885 0 -369,5
-0,9045 0 -379,5
-0,9195 0 -386,5
-0,9345 0 -392
-0,9645 0 -401,5
-0,9885 0 -411,5
-1,026 0 -424,5
-1,0635 0 -438,5
-1,0875 0 -448
-1,101 0 -454,5
-1,11 0 -459
-1,116 0 -461,5
-1,1205 0 -463,5
-1,119 0 -464,5
-1,1235 0 -465,5
-1,1235 0 -466
-1,125 0 -466,5
-1,125 0 -466,5
-1,1265 0 -467
-1,1265 0 -467
-1,1265 0 -467
-1,1265 0 -467
-1,1265 0 -467
-1,1265 0 -467
-1,128 0 -467
-1,1265 0 -467
-1,128 0 -467
-1,1265 0 -467
-1,128 0 -467
-1,1265 0 -467
-1,128 0 -467,5
-1,128 0 -467,5
-1,1265 0 -467
-1,1265 0 -467,5
-1,128 0 -467
-1,1265 0 -467,5
-1,1265 0 -467
-1,128 0 -467
-1,1265 0 -467,5
-1,1265 0 -467
-1,1265 0 -467
-1,128 0 -467
-1,128 0 -467,5
-1,128 0 -467,5
-1,1265 0 -467,5
-1,1265 0 -467,5
-1,1265 0 -467,5
-1,1265 0 -467
-1,1265 0 -467
-1,1325 0 -467,5
-1,146 0 -472
-1,1805 0 -481
-1,221 0 -494
-1,254 0 -506
-1,2825 0 -516
-1,302 0 -524
-1,326 0 -532
-1,35 0 -539,5
-1,3785 0 -548,5
-1,4025 0 -557
-1,419 0 -563,5
-1,4295 0 -568
-1,4385 0 -571
-1,443 0 -573,5
-1,446 0 -575
-1,4565 0 -577,5
-1,4655 0 -580
-1,476 0 -583,5
-1,4895 0 -587,5
-1,5 0 -591
-1,5075 0 -594
-1,527 0 -598,5
-1,539 0 -602,5
-1,551 0 -606,5
-1,557 0 -610
-1,5675 0 -612,5
-1,5765 0 -615,5
-1,5855 0 -618
-1,596 0 -621
-1,6035 0 -624
-1,611 0 -626
-1,6155 0 -628,5
-1,6245 0 -630,5
-1,632 0 -633,5
-1,6425 0 -635
-1,6515 0 -638
-1,659 0 -641
-1,6665 0 -643
-1,6755 0 -646
-1,683 0 -648,5
-1,689 0 -650,5
-1,6935 0 -652
-1,695 0 -653
-1,7055 0 -655
-1,713 0 -658
-1,7205 0 -660
-1,731 0 -662,5
-1,743 0 -666
-1,752 0 -668,5
-1,761 0 -671
-1,7685 0 -674
-1,7775 0 -676,5
-1,785 0 -679
-1,7925 0 -681
-1,7955 0 -682,5
-1,8 0 -683,5
-1,8075 0 -686
-1,815 0 -688
-1,8225 0 -690,5
-1,83 0 -692,5
-1,8405 0 -694,5
-1,842 0 -696
-1,839 0 -696,5
-1,8405 0 -696,5
-1,8405 0 -696,5
-1,8405 0 -697
-1,8405 0 -697
-1,842 0 -696,5
-1,839 0 -697
-1,8405 0 -697
-1,8405 0 -697
-1,8405 0 -697
-1,839 0 -696,5
-1,8405 0 -696,5
-1,839 0 -697
-1,8405 0 -696,5
-1,8405 0 -697
-1,8405 0 -697
-1,839 0 -697
-1,839 0 -697
-1,839 0 -697
-1,842 0 -697
-1,8405 0 -697
-1,839 0 -697
-1,842 0 -697
-1,839 0 -696,5
-1,8405 0 -697
-1,8405 0 -696,5
-1,839 0 -697
-1,839 0 -697
-1,8405 0 -696,5
-1,8375 0 -696,5
-1,842 0 -697
-1,848 0 -697,5
-1,851 0 -699,5
-1,8615 0 -701,5
-1,8735 0 -704
-1,8885 0 -708
-1,914 0 -714,5
-1,9245 0 -718,5
-1,932 0 -721
-1,938 0 -723
-1,941 0 -724
-1,9575 0 -727,5
-1,9755 0 -732,5
-1,9905 0 -737
-2,004 0 -740
-2,016 0 -743
-2,037 0 -749
-2,0475 0 -752,5
-2,0505 0 -754
-2,0535 0 -755
-2,0565 0 -756
-2,0565 0 -757
-2,058 0 -757
-2,0595 0 -757
-2,0595 0 -757,5
-2,058 0 -757,5
-2,0565 0 -757
-2,0565 0 -757,5
-2,0595 0 -757,5
-2,0565 0 -757,5
-2,0595 0 -757,5
-2,058 0 -757,5
-2,0595 0 -757,5
-2,058 0 -757
-2,061 0 -757,5
-2,058 0 -757,5
-2,0565 0 -757,5
-2,058 0 -757,5
-2,058 0 -757,5
-2,058 0 -757,5
-2,0595 0 -758
-2,058 0 -757,5
-2,0595 0 -757,5
-2,0595 0 -757,5
-2,0595 0 -757,5
-2,061 0 -757,5
-2,0865 0 -761,5
-2,1255 0 -770,5
-2,1525 0 -777,5
-2,169 0 -783,5
-2,1765 0 -787,5
-2,19 0 -790
-2,2035 0 -794
-2,217 0 -795,5
-2,2275 0 -800,5
-2,2395 0 -801,5
-2,2515 0 -806
-2,2725 0 -810,5
-2,2935 0 -815
-2,304 0 -817
-2,319 0 -820
-2,328 0 -825
-2,337 0 -827,5
-2,3475 0 -830
-2,3595 0 -833,5
-2,373 0 -837
-2,3835 0 -838,5
-2,388 0 -840
-2,3955 0 -841
-2,4105 0 -844,5
-2,4075 0 -846,5
-2,4075 0 -845,5
-2,409 0 -844,5
-2,4075 0 -846,5
-2,4075 0 -844,5
-2,4075 0 -844
-2,406 0 -845,5
-2,409 0 -844
-2,409 0 -844
-2,4075 0 -846,5
-2,4075 0 -846,5
-2,4075 0 -845,5
-2,4075 0 -844
-2,4075 0 -846
-2,4075 0 -846,5
-2,4075 0 -844,5
-2,4075 0 -844
-2,406 0 -843,5
-2,4075 0 -846,5
-2,4075 0 -846,5
-2,406 0 -844,5
-2,4075 0 -843
-2,4075 0 -843
-2,4075 0 -845,5
-2,4075 0 -844,5
-2,4195 0 -845,5
-2,4255 0 -849
-2,4525 0 -853,5
-2,4825 0 -860
-2,4885 0 -863,5
-2,514 0 -868
-2,5515 0 -873,5
-2,5785 0 -877,5
-2,598 0 -886
-2,6175 0 -890
-2,628 0 -889
-2,649 0 -892,5
-2,6655 0 -898,5
-2,6835 0 -902
-2,697 0 -906
-2,6985 0 -905
-2,7015 0 -908
-2,7015 0 -907
-2,703 0 -906,5
-2,7045 0 -906
-2,703 0 -909
-2,706 0 -906,5
-2,703 0 -908,5
-2,703 0 -905,5
-2,703 0 -906
-2,706 0 -906
-2,703 0 -906,5
-2,706 0 -905,5
-2,7045 0 -910
-2,7045 0 -906
-2,7045 0 -906,5
-2,703 0 -909,5
-2,703 0 -906
-2,7045 0 -906
-2,7045 0 -909,5
-2,703 0 -910
-2,7045 0 -906,5
-2,703 0 -906
-2,706 0 -906
-2,7045 0 -910
-2,706 0 -908
-2,706 0 -910
-2,7075 0 -908,5
-2,724 0 -913
-2,7435 0 -916,5
-2,754 0 -918,5
-2,769 0 -919,5
-2,775 0 -918,5
-2,7825 0 -923,5
-2,79 0 -925,5
-2,7975 0 -925,5
-2,802 0 -928
-2,8035 0 -929
-2,802 0 -924,5
-2,8035 0 -924
-2,805 0 -929
-2,805 0 -924,5
-2,8035 0 -929,5
-2,805 0 -927
-2,805 0 -927
-2,805 0 -926,5
-2,805 0 -927
-2,805 0 -924,5
-2,8065 0 -927,5
-2,8065 0 -925
-2,805 0 -925,5
-2,805 0 -929,5
-2,805 0 -925
-2,8035 0 -925,5
-2,805 0 -926,5
-2,805 0 -924,5
-2,805 0 -929
-2,805 0 -929,5
-2,805 0 -929,5
-2,805 0 -926
-2,805 0 -925
-2,805 0 -925,5
-2,8065 0 -928,5
-2,826 0 -928,5
-2,844 0 -930
-2,853 0 -934,5
-2,8575 0 -938,5
-2,8605 0 -935
-2,865 0 -935
-2,8755 0 -936,5
-2,8845 0 -938,5
-2,8965 0 -940
-2,907 0 -947
-2,9085 0 -944
-2,91 0 -946,5
-2,913 0 -946,5
-2,916 0 -948,5
-2,9385 0 -948
-2,958 0 -953
-2,9625 0 -952
-2,973 0 -954
-2,9805 0 -955,5
-2,988 0 -959,5
-2,9895 0 -958,5
-2,982 0 -961,5
-2,97 0 -960,5
-2,9535 0 -955
-2,925 0 -953,5
-2,9235 0 -951,5
-2,9265 0 -953,5
-2,931 0 -952
-2,934 0 -952,5
-2,9325 0 -957,5
-2,9325 0 -954,5
-2,934 0 -953
-2,934 0 -957,5
-2,934 0 -955
-2,934 0 -955,5
-2,9355 0 -954,5
-2,9265 0 -957
-2,901 0 -951,5
-2,877 0 -952,5
-2,8575 0 -945,5
-2,8425 0 -948,5
-2,826 0 -946,5
-2,808 0 -944,5
-2,793 0 -942
-2,772 0 -937,5
-2,754 0 -935
-2,742 0 -938,5
-2,733 0 -937,5
-2,7105 0 -933
-2,6835 0 -927,5
-2,6625 0 -926,5
-2,634 0 -925,5
-2,6145 0 -921,5
-2,598 0 -915,5
-2,5785 0 -913
-2,559 0 -913
-2,5455 0 -912,5
-2,5275 0 -906,5
-2,514 0 -906
-2,508 0 -906
-2,499 0 -902,5
-2,4795 0 -902,5
-2,4525 0 -896,5
-2,439 0 -892,5
-2,4255 0 -889,5
-2,415 0 -887,5
-2,3955 0 -889
-2,376 0 -885
-2,358 0 -881,5
-2,337 0 -873,5
-2,3205 0 -871
-2,3025 0 -868
-2,286 0 -867
-2,2635 0 -864,5
-2,247 0 -860,5
-2,2305 0 -855,5
-2,2215 0 -855
-2,2125 0 -852
-2,196 0 -850
-2,1795 0 -846,5
-2,16 0 -841,5
-2,1405 0 -839
-2,1255 0 -832,5
-2,115 0 -831
-2,103 0 -829
-2,0835 0 -825,5
-2,0685 0 -821,5
-2,04 0 -816,5
-2,0325 0 -811
-2,0205 0 -808,5
-2,0085 0 -805
-2,001 0 -803
-1,9845 0 -800,5
-1,9635 0 -796
-1,947 0 -793
-1,9275 0 -786,5
-1,9125 0 -782,5
-1,9005 0 -779,5
-1,887 0 -777
-1,8765 0 -774
-1,869 0 -771
-1,8555 0 -768,5
-1,8345 0 -764,5
-1,818 0 -759
-1,785 0 -752,5
-1,752 0 -744
-1,7325 0 -737,5
-1,71 0 -731
-1,695 0 -726,5
-1,6785 0 -721
-1,68 0 -719,5
-1,6725 0 -718
-1,6725 0 -717
-1,6665 0 -715,5
-1,6215 0 -707,5
-1,557 0 -692,5
-1,518 0 -679
-1,5105 0 -672,5
-1,509 0 -670,5
-1,5015 0 -668,5
-1,4895 0 -665,5
-1,4625 0 -659
-1,4385 0 -652
-1,4145 0 -645
-1,401 0 -639,5
-1,3905 0 -636
-1,3815 0 -632,5
-1,3665 0 -628,5
-1,3575 0 -624,5
-1,3485 0 -621,5
-1,3395 0 -619
-1,3305 0 -616,5
-1,3185 0 -613
-1,314 0 -610
-1,296 0 -606
-1,29 0 -603
-1,281 0 -600,5
-1,2765 0 -598,5
-1,26 0 -593,5
-1,2495 0 -591
-1,2405 0 -588
-1,2345 0 -585,5
-1,224 0 -582
-1,2135 0 -579
-1,2075 0 -576,5
-1,203 0 -574
-1,1895 0 -571,5
-1,182 0 -568
-1,1745 0 -565,5
-1,1655 0 -562,5
-1,1535 0 -559
-1,137 0 -554
-1,1265 0 -550,5
-1,1205 0 -547,5
-1,1085 0 -544
-1,1055 0 -542
-1,0995 0 -540
-1,092 0 -538
-1,083 0 -535
-1,074 0 -532,5
-1,062 0 -528
-1,0575 0 -526
-1,053 0 -524
-1,0455 0 -522
-1,041 0 -519,5
-1,035 0 -518
-1,0275 0 -515,5
-1,0185 0 -512,5
-1,011 0 -510,5
-0,993 0 -505,5
-0,981 0 -500
-0,9705 0 -496,5
-0,969 0 -494,5
-0,9645 0 -493
-0,9375 0 -486,5
-0,9195 0 -479,5
-0,912 0 -475,5
-0,909 0 -473,5
-0,9045 0 -471,5
-0,9 0 -469,5
-0,897 0 -468
-0,8925 0 -466
-0,879 0 -463,5
-0,867 0 -458,5
-0,861 0 -455,5
-0,849 0 -452,5
-0,8355 0 -447,5
-0,816 0 -441,5
-0,7995 0 -434,5
-0,783 0 -428,5
-0,7725 0 -425
-0,756 0 -419
-0,7515 0 -415,5
-0,741 0 -412
-0,7275 0 -406,5
-0,723 0 -404
-0,7125 0 -399
-0,696 0 -394
-0,681 0 -388
-0,666 0 -382,5
-0,6435 0 -374,5
-0,6345 0 -369
-0,624 0 -364,5
-0,615 0 -360,5
-0,6015 0 -356
-0,5925 0 -351,5
-0,5835 0 -348
-0,5715 0 -343
-0,5595 0 -337,5
-0,5475 0 -332,5
-0,5415 0 -329,5
-0,531 0 -324,5
-0,5235 0 -321
-0,5145 0 -317
-0,4995 0 -311,5
-0,4935 0 -308
-0,4845 0 -303,5
-0,474 0 -299
-0,465 0 -294,5
-0,45 0 -288,5
-0,4425 0 -284
-0,429 0 -278,5
-0,408 0 -270
-0,4005 0 -265
-0,3945 0 -261,5
-0,387 0 -258
-0,378 0 -254
-0,3735 0 -251,5
-0,3615 0 -246
-0,357 0 -242,5
-0,345 0 -239
-0,336 0 -234
-0,327 0 -229
-0,3165 0 -224,5
-0,3075 0 -221
-0,297 0 -215
-0,2835 0 -209,5
-0,279 0 -205,5
-0,267 0 -200,5
-0,2625 0 -196,5
-0,255 0 -193,5
-0,2505 0 -191
-0,243 0 -187
-0,234 0 -183,5
-0,225 0 -178,5
-0,21 0 -172,5
-0,201 0 -167
-0,192 0 -163
-0,189 0 -160
-0,183 0 -157
-0,1785 0 -154
-0,1755 0 -152
-0,1725 0 -151
-0,1695 0 -149,5
-0,168 0 -148
-0,162 0 -146
-0,1575 0 -143,5
-0,15 0 -140,5
-0,1485 0 -138
-0,144 0 -136,5
-0,141 0 -134,5
-0,1215 0 -128
-0,1155 0 -123,5
-0,1095 0 -121
-0,108 0 -119
-0,1035 0 -116,5
-0,1005 0 -115,5
-0,0945 0 -112,5
-0,09 0 -110,5
-0,081 0 -106
-0,072 0 -101,5
-0,0675 0 -97,5
-0,054 0 -92,5
-0,051 0 -90
-0,039 0 -85
-0,0345 0 -83
-0,033 0 -81
-0,0285 0 -78
-0,024 0 -77
-0,0105 0 -71,5
-0,0105 0 -69,5
0 0 -66,5
0 0 -64,5
0 0 -63,5
0 0 -63,5
0 0 -63
-0,0015 0 -63
0,0015 0 -62,5
0 0 -62
0 0 -62,5
0 0 -62,5
0 0 -62,5
0,0015 0 -62,5
0 0 -62,5
0 0 -62,5
-0,0015 0 -62,5
0,0015 0 -62,5
0 0 -62,5
0 0 -62,5
-0,0015 0 -62
0 0 -62,5
0,0015 0 -62,5
0,0015 0 -62
0 0 -62,5
0 0 -62,5
0,0015 0 -62,5
0,0015 0 -62,5
0 0 -62
-0,0015 0 -62,5
0 0 -62
-0,0015 0 -62,5
0 0 -62,5
-0,0015 0 -62,5
0,0015 0 -62
0,0015 0 -62
-0,0015 0 -62,5
0,0015 0 -62,5
-0,0015 0 -62
0 0 -62
0 0 -62
0,0015 0 -62,5
0 0 -62,5
0 0 -62
0 0 -62,5
0 0 -62
-0,0015 0 -62
0 0 -62,5
0 0 -62,5
-0,0015 0 -62,5
-0,0015 0 -62,5
0 0 -62
0 0 -62
0 0 -62,5
0 0 -62
0,0015 0 -62
-0,0015 0 -62
0,0015 0 -62
0 0 -62,5
0,0015 0 -62,5
0 0 -62
0,0015 0 -62,5
-0,0015 0 -62
0,0015 0 -62
0 0 -62
-0,0015 0 -62
0 0 -62,5
0 0 -62,5
0,0015 0 -62
0 0 -62,5
0 0 -62
-0,0015 0 -62,5
0 0 -62
0 0 -62
-0,0015 0 -62,5
0 0 -62
0 0 -62
0,0015 0 -62
0,0015 0 -62
0 0 -62
0 0 -62
-0,0015 0 -62
0,0015 0 -62
0 0 -62
0 0 -62
0 0 -62,5
0 0 -62,5
0 0 -62
-0,0015 0 -62,5
-0,0015 0 -62,5
0,0015 0 -62
0,0015 0 -62
0,0015 0 -62
0 0 -62
0,0015 0 -62
0,0015 0 -62,5
0,0015 0 -62,5
0,0015 0 -62
0 0 -62,5
0 0 -62
0 0 -62,5
0 0 -62
0 0 -62
-0,0015 0 -62
0 0 -62,5
0 0 -62,5
-0,0015 0 -62,5
-0,0015 0 -62,5
0 0 -62,5
-0,0015 0 -62,5
0 0 -62
0,0015 0 -62
0,0015 0 -62,5
0 0 -62
0 0 -62
0 0 -62
0 0 -62
0 0 -62,5
0 0 -62
0,0015 0 -62
0 0 -62
-0,0015 0 -62,5
0 0 -62,5
-0,0015 0 -62
0 0 -62,5
0,0015 0 -62
-0,0015 0 -62,5
0 0 -62,5
0,0015 0 -62
0 0 -62
0 0 -62,5
0,006 0 -61,5
0,018 0 -58
0,0165 0 -57
0,03 0 -52
0,042 0 -45,5
0,051 0 -40,5
0,057 0 -37
0,06 0 -34,5
0,063 0 -33,5
0,066 0 -31,5
0,0765 0 -27,5
0,0765 0 -25,5
0,0795 0 -25
0,087 0 -23
0,093 0 -20,5
0,0975 0 -17,5
0,099 0 -15,5
0,105 0 -13,5
0,1065 0 -11,5
0,1095 0 -10,5
0,111 0 -9
0,123 0 -5
0,1425 0 3
0,15 0 8
0,156 0 11,5
0,162 0 14,5
0,1695 0 18
0,177 0 22
0,183 0 25
0,195 0 30
0,2085 0 36,5
0,2235 0 43
0,2325 0 48
0,2415 0 52,5
0,243 0 55
0,246 0 57,5
0,2505 0 59
0,255 0 61
0,2625 0 64
0,267 0 66,5
0,273 0 69,5
0,279 0 72
0,279 0 73,5
0,2805 0 74,5
0,282 0 75,5
0,288 0 77
0,288 0 78
0,2925 0 80
0,2955 0 82,5
0,3015 0 84,5
0,309 0 87,5
0,3135 0 90
0,318 0 92,5
0,321 0 94
0,3315 0 97,5
0,3405 0 102
0,348 0 105
0,351 0 108
0,3555 0 110,5
0,3675 0 114,5
0,3765 0 118,5
0,387 0 123,5
0,3975 0 128,5
0,402 0 132,5
0,408 0 134,5
0,414 0 137,5
0,4185 0 139,5
0,4215 0 142,5
0,4275 0 144,5
0,429 0 146,5
0,435 0 148
0,438 0 150
0,441 0 152
0,447 0 154,5
0,4485 0 155,5
0,4485 0 156,5
0,4515 0 157
0,456 0 159
0,462 0 161,5
0,4695 0 164
0,4725 0 166,5
0,4755 0 168
0,4755 0 169,5
0,4815 0 170,5
0,486 0 173
0,4935 0 176
0,5085 0 182
0,5175 0 186,5
0,5265 0 190,5
0,534 0 194,5
0,5385 0 197
0,549 0 201
0,558 0 204,5
0,5625 0 208
0,5685 0 210,5
0,573 0 213,5
0,5835 0 217,5
0,5895 0 220
0,5895 0 222
0,5925 0 223,5
0,5955 0 225
0,6015 0 227
0,6075 0 229,5
0,6135 0 233
0,6225 0 236
0,6285 0 239,5
0,639 0 243
0,6465 0 246,5
0,654 0 250,5
0,6615 0 254
0,666 0 256,5
0,6705 0 258,5
0,675 0 261
0,684 0 264,5
0,69 0 267,5
0,6945 0 270
0,7035 0 273
0,7125 0 276,5
0,7185 0 280
0,7275 0 284
0,7335 0 287
0,7395 0 289,5
0,747 0 292,5
0,7545 0 296
0,7575 0 298,5
0,765 0 301,5
0,7725 0 305
0,7845 0 308,5
0,792 0 312
0,798 0 315,5
0,8055 0 318,5
0,813 0 321,5
0,8175 0 324,5
0,8265 0 328,5
0,837 0 332
0,8385 0 334
0,8415 0 335,5
0,8415 0 336,5
0,8475 0 338,5
0,8535 0 340,5
0,8595 0 343
0,8625 0 345
0,8685 0 347
0,873 0 349,5
0,894 0 354,5
0,9045 0 360
0,909 0 363,5
0,9105 0 365,5
0,915 0 367,5
0,921 0 369,5
0,9315 0 373,5
0,9375 0 376,5
0,9435 0 379
0,945 0 380,5
0,9495 0 382,5
0,9585 0 385
0,9675 0 389
0,972 0 391,5
0,9735 0 393
0,978 0 394
0,9825 0 396
0,9915 0 399
0,999 0 402
1,0035 0 404
1,0095 0 407
1,0185 0 410
1,029 0 414
1,035 0 417
1,0425 0 420,5
1,047 0 422
1,0515 0 424,5
1,0605 0 427,5
1,0665 0 430,5
1,0725 0 432,5
1,0755 0 434
1,0785 0 435,5
1,083 0 437,5
1,0875 0 439
1,0935 0 442
1,0995 0 444
1,1055 0 446,5
1,11 0 448,5
1,1175 0 450,5
1,1265 0 454
1,131 0 456,5
1,1385 0 459,5
1,143 0 461,5
1,1535 0 464,5
1,1625 0 468
1,17 0 471
1,179 0 473,5
1,179 0 475,5
1,185 0 478
1,191 0 480
1,1985 0 482,5
1,2045 0 485
1,206 0 487
1,2135 0 488,5
1,2195 0 491,5
1,224 0 493
1,23 0 495
1,2345 0 497,5
1,2435 0 500,5
1,2525 0 503
1,2555 0 504,5
1,26 0 506,5
1,2615 0 507,5
1,2645 0 509
1,272 0 511,5
1,284 0 514,5
1,287 0 516,5
1,29 0 518
1,296 0 520
1,3005 0 521,5
1,302 0 523
1,3095 0 524,5
1,314 0 527
1,3185 0 529,5
1,32 0 530,5
1,323 0 531
1,3275 0 532,5
1,332 0 534
1,3365 0 535,5
1,3395 0 536,5
1,3425 0 538
1,347 0 539,5
1,3545 0 542
1,362 0 544,5
1,3725 0 547
1,38 0 550
1,3845 0 553
1,389 0 554,5
1,3965 0 556,5
1,401 0 558,5
1,4055 0 560
1,4085 0 561,5
1,413 0 562,5
1,4205 0 564,5
1,425 0 566,5
1,428 0 568,5
1,4325 0 570
1,44 0 572
1,4475 0 574,5
1,4535 0 576
1,458 0 578,5
1,4655 0 581
1,4715 0 583
1,4865 0 587
1,497 0 591
1,506 0 594
1,515 0 597,5
1,524 0 600,5
1,5315 0 603
1,539 0 606
1,5525 0 609
1,569 0 614
1,581 0 618,5
1,59 0 622
1,599 0 625,5
1,6065 0 628
1,6125 0 630
1,6275 0 634,5
1,632 0 636,5
1,6395 0 639
1,644 0 640,5
1,6485 0 642,5
1,653 0 644
1,659 0 646
1,662 0 647
1,6665 0 648,5
1,6725 0 650
1,6755 0 651,5
1,68 0 653
1,6875 0 655
1,6935 0 657
1,704 0 660
1,707 0 661,5
1,722 0 664,5
1,722 0 666,5
1,7235 0 667
1,728 0 667,5
1,7355 0 670
1,749 0 673
1,761 0 676,5
1,7835 0 682,5
1,797 0 687,5
1,8135 0 692
1,8225 0 696
1,83 0 699
1,8405 0 701,5
1,8525 0 704,5
1,8615 0 707,5
1,869 0 710,5
1,8765 0 713
1,881 0 714,5
1,884 0 716
1,8885 0 717,5
1,896 0 719
1,914 0 723
1,9305 0 727,5
1,941 0 731
1,9425 0 733
1,9485 0 734,5
1,9515 0 736
1,956 0 736,5
1,956 0 737,5
1,9605 0 738
1,965 0 739,5
1,968 0 740,5
1,9695 0 741,5
1,974 0 743
1,986 0 745
1,995 0 747,5
2,007 0 750,5
2,0175 0 753,5
2,025 0 755,5
2,025 0 756,5
2,025 0 757,5
2,028 0 758
2,04 0 760
2,0505 0 762,5
2,0625 0 766
2,0715 0 768,5
2,0775 0 770,5
2,0865 0 772,5
2,0925 0 774,5
2,103 0 777
2,112 0 780
2,1225 0 782,5
2,136 0 785,5
2,145 0 788,5
2,151 0 790,5
2,154 0 792
2,166 0 794
2,172 0 796,5
2,1825 0 799
2,184 0 800
2,187 0 801
2,1975 0 803
2,199 0 804
2,2065 0 805
2,214 0 807
2,223 0 809
2,2305 0 811
2,2365 0 813
2,2455 0 815,5
2,25 0 817
2,256 0 818,5
2,2635 0 820
2,271 0 821,5
2,295 0 826
2,304 0 829,5
2,3055 0 830,5
2,3085 0 831,5
2,3115 0 832,5
2,3205 0 834
2,334 0 836,5
2,343 0 839
2,364 0 843
2,3745 0 846,5
2,3835 0 849
2,382 0 849,5
2,382 0 850
2,3835 0 850,5
2,3865 0 850,5
2,3925 0 851,5
2,406 0 854
2,4225 0 857,5
2,4315 0 860
2,4375 0 862
2,4555 0 864,5
2,4795 0 870
2,4915 0 873,5
2,5065 0 876,5
2,526 0 880,5
2,544 0 884,5
2,5545 0 887,5
2,574 0 891
2,598 0 895,5
2,6145 0 899,5
2,6325 0 903,5
2,6505 0 907,5
2,6715 0 911
2,688 0 914,5
2,712 0 919
2,7285 0 922,5
2,745 0 926
2,7675 0 930
2,7945 0 934,5
2,805 0 937,5
2,814 0 939,5
2,832 0 942
2,85 0 946
2,862 0 948
2,868 0 949,5
2,8755 0 950,5
2,8845 0 952
2,8965 0 954
2,9115 0 956,5
2,919 0 958
2,9325 0 960
2,937 0 961
2,937 0 961,5
2,9385 0 962
2,94 0 962
2,9385 0 962
2,94 0 962
2,9385 0 962
2,9385 0 962
2,9385 0 962
2,9385 0 962
2,9385 0 962
2,9355 0 962
2,937 0 962
2,9385 0 962
2,937 0 962
2,9385 0 962
2,9355 0 962
2,9355 0 962
2,937 0 962
2,937 0 962
2,937 0 962
2,9355 0 962
2,937 0 962
2,937 0 961,5
2,937 0 961,5
2,9355 0 962
2,9355 0 962
2,9355 0 961,5
2,9355 0 961,5
2,937 0 961,5
2,937 0 962
2,937 0 962
2,9355 0 961,5
2,937 0 962
2,934 0 961,5
2,9355 0 962
2,9385 0 962
2,937 0 961,5
2,937 0 961,5
2,937 0 962
2,937 0 961,5
2,937 0 962
2,937 0 962
2,934 0 961,5
2,934 0 961,5
2,9355 0 961,5
2,9355 0 961,5
2,934 0 962
2,934 0 961,5
2,9355 0 961,5
2,937 0 962
2,937 0 962
2,9355 0 962
2,9355 0 962
2,9355 0 961,5
2,937 0 962
2,9355 0 962
2,9355 0 961,5
2,9355 0 962
2,934 0 962
2,934 0 962
2,9355 0 962
2,934 0 961,5
2,934 0 962
2,9355 0 961,5
2,937 0 961,5
2,9355 0 962
2,934 0 962
2,934 0 961,5
2,934 0 961,5
2,9355 0 962
2,9355 0 961,5
2,9355 0 962
2,934 0 962
2,934 0 961,5
2,934 0 961,5
2,9355 0 962
2,934 0 961,5
2,934 0 961,5
2,9355 0 961,5
2,934 0 961,5
2,931 0 961,5
2,931 0 961,5
2,9295 0 961
2,9295 0 961,5
2,925 0 961
2,9235 0 961
2,922 0 960,5
2,9205 0 960,5
2,919 0 960,5
2,9175 0 960,5
2,9175 0 960
2,916 0 960
2,913 0 960,5
2,91 0 959,5
2,904 0 959,5
2,9025 0 959,5
2,901 0 959
2,8995 0 959
2,8995 0 959
2,898 0 959
2,8965 0 959
2,898 0 959
2,8965 0 958,5
2,8935 0 958,5
2,8935 0 958,5
2,8935 0 958,5
2,8935 0 958,5
2,8905 0 958,5
2,8905 0 958,5
2,889 0 958,5
2,8905 0 958
2,8875 0 958
2,886 0 958
2,8845 0 957,5
2,8785 0 957
2,871 0 957
2,871 0 956,5
2,868 0 956,5
2,865 0 956,5
2,865 0 956
2,865 0 956
2,862 0 956
2,862 0 955,5
2,859 0 956
2,856 0 955,5
2,8545 0 955
2,8515 0 955
2,85 0 954,5
2,8485 0 954,5
2,8425 0 954
2,841 0 954
2,838 0 953,5
2,832 0 953,5
2,829 0 952,5
2,823 0 952
2,8215 0 952
2,8185 0 951,5
2,817 0 951,5
2,8155 0 951,5
2,8155 0 951,5
2,8095 0 951
2,808 0 950,5
2,8005 0 949,5
2,79 0 948,5
2,7795 0 948
2,775 0 947
2,7705 0 946,5
2,766 0 946
2,763 0 945,5
2,757 0 945,5
2,754 0 945
2,7465 0 944
2,7375 0 943
2,733 0 942,5
2,7255 0 942
2,718 0 941
2,712 0 940,5
2,7045 0 939,5
2,7 0 939
2,6985 0 938,5
2,694 0 938
2,6865 0 937,5
2,682 0 937
2,6775 0 936,5
2,6715 0 935,5
2,6625 0 934,5
2,649 0 933
2,637 0 931,5
2,631 0 930,5
2,622 0 929,5
2,6145 0 928,5
2,607 0 927,5
2,5995 0 926,5
2,5935 0 925,5
2,592 0 925
2,5845 0 924,5
2,577 0 923,5
2,5695 0 922
2,562 0 921,5
2,556 0 920,5
2,5545 0 920
2,5545 0 919,5
2,547 0 919
2,5425 0 918,5
2,538 0 917,5
2,5335 0 917
2,529 0 916
2,526 0 915,5
2,52 0 915
2,517 0 914,5
2,5095 0 913,5
2,502 0 912,5
2,49 0 910,5
2,484 0 909,5
2,475 0 908,5
2,4705 0 907,5
2,4645 0 907
2,4615 0 906
2,4555 0 905
2,4435 0 903,5
2,436 0 902
2,4285 0 901
2,427 0 900,5
2,4195 0 899,5
2,4135 0 898,5
2,412 0 897,5
2,4075 0 897
2,406 0 896,5
2,4045 0 896,5
2,4045 0 896
2,397 0 895,5
2,388 0 894
2,3775 0 892,5
2,3655 0 890,5
2,3595 0 889
2,3535 0 888
2,352 0 887,5
2,352 0 887
2,352 0 887
2,349 0 887
2,346 0 886
2,3415 0 885,5
2,34 0 885
2,334 0 884,5
2,328 0 883,5
2,3145 0 881,5
2,3115 0 880
2,307 0 879
2,298 0 878
2,283 0 876
2,262 0 872
2,2545 0 869,5
2,253 0 868,5
2,2515 0 868,5
2,2485 0 868
2,241 0 866,5
2,2395 0 866,5
2,2365 0 865,5
2,2335 0 864,5
2,229 0 864
2,2275 0 863,5
2,2245 0 863
2,217 0 862
2,211 0 861
2,205 0 859,5
2,1915 0 857,5
2,1885 0 856
2,184 0 855
2,1825 0 854,5
2,1825 0 854
2,1735 0 853
2,172 0 852,5
2,166 0 851
2,1525 0 849
2,1525 0 848
2,1465 0 847
2,1405 0 846
2,133 0 844,5
2,1285 0 843
2,1255 0 842
2,121 0 841,5
2,121 0 841
2,1165 0 840
2,1075 0 839,5
2,0895 0 836
2,0805 0 833
2,0715 0 831
2,0625 0 828,5
2,055 0 827
2,0475 0 825,5
2,046 0 824,5
2,0415 0 823,5
2,04 0 822,5
2,037 0 822
2,0325 0 821,5
2,0235 0 819,5
2,013 0 817,5
2,0055 0 816
2,001 0 814
1,998 0 813
1,992 0 812
1,989 0 811,5
1,986 0 810,5
1,986 0 810
1,974 0 808
1,974 0 807
1,9725 0 807
1,974 0 806,5
1,965 0 805,5
1,959 0 804
1,95 0 802
1,926 0 798
1,911 0 794
1,884 0 788
1,866 0 782,5
1,854 0 778,5
1,839 0 775
1,833 0 772,5
1,8225 0 770
1,8165 0 768
1,8135 0 766,5
1,8045 0 765
1,8 0 763
1,797 0 762
1,7925 0 760,5
1,7895 0 760
1,7865 0 759,5
1,7865 0 759
1,7835 0 758,5
1,773 0 756,5
1,7715 0 755,5
1,7685 0 754,5
1,764 0 753,5
1,7595 0 752
1,7565 0 751
1,755 0 750,5
1,758 0 750,5
1,755 0 750
1,7505 0 749,5
1,7475 0 749
1,7505 0 748,5
1,7475 0 748,5
1,746 0 748
1,746 0 747,5
1,7445 0 747,5
1,746 0 747
1,7385 0 746,5
1,7175 0 742,5
1,6935 0 737
1,677 0 731,5
1,6635 0 727
1,6575 0 724,5
1,65 0 722
1,6335 0 718,5
1,6245 0 715,5
1,614 0 712,5
1,6095 0 710,5
1,6065 0 710
1,605 0 708,5
1,596 0 706,5
1,5885 0 704,5
1,5765 0 702
1,5765 0 700,5
1,575 0 700
1,575 0 699,5
1,56 0 697
1,5525 0 694
1,5495 0 692,5
1,545 0 691,5
1,539 0 690
1,536 0 689
1,53 0 687
1,5255 0 685
1,5195 0 684
1,515 0 682,5
1,5075 0 680,5
1,4985 0 678,5
1,497 0 677,5
1,4895 0 675
1,479 0 672,5
1,47 0 670
1,4655 0 667,5
1,461 0 666
1,4535 0 664
1,452 0 663,5
1,452 0 662,5
1,449 0 662
1,449 0 661,5
1,4475 0 661
1,4385 0 660
1,431 0 658
1,4265 0 656
1,4205 0 653,5
1,413 0 652
1,404 0 649,5
1,401 0 647,5
1,395 0 646
1,3875 0 644,5
1,3815 0 642,5
1,3725 0 640
1,365 0 637
1,3605 0 635
1,356 0 634
1,3515 0 632,5
1,344 0 630,5
1,3425 0 629
1,3335 0 627
1,3245 0 624,5
1,3245 0 623,5
1,32 0 622
1,317 0 621
1,3155 0 620,5
1,311 0 619
1,305 0 617,5
1,3005 0 616
1,2975 0 614,5
1,2975 0 614
1,293 0 613,5
1,29 0 612
1,284 0 610
1,2675 0 607
1,2615 0 603,5
1,26 0 602,5
1,257 0 601,5
1,254 0 601
1,2495 0 599,5
1,239 0 597
1,2345 0 595
1,227 0 593
1,224 0 591,5
1,218 0 589,5
1,2165 0 588,5
1,2135 0 587
1,2045 0 586
1,1985 0 583,5
1,1925 0 581
1,1895 0 579,5
1,185 0 579
1,1835 0 577,5
1,179 0 576,5
1,146 0 569
1,125 0 561
1,1085 0 555,5
1,104 0 552
1,098 0 550
1,0965 0 548,5
1,089 0 546,5
1,0845 0 544,5
1,077 0 543
1,074 0 541
1,0635 0 538,5
1,059 0 536,5
1,0545 0 534,5
1,0455 0 532
1,0335 0 528
1,023 0 524
1,017 0 521,5
1,005 0 518,5
1,0005 0 515,5
0,993 0 513
0,987 0 511,5
0,9825 0 509
0,981 0 508
0,9795 0 507
0,9765 0 506
0,9735 0 505,5
0,9735 0 505
0,972 0 504,5
0,969 0 503,5
0,9675 0 503
0,9555 0 499,5
0,9465 0 497
0,942 0 495
0,936 0 492,5
0,9345 0 491,5
0,927 0 489
0,921 0 487
0,9045 0 483
0,8985 0 479,5
0,8895 0 476,5
0,8805 0 473
0,8745 0 470,5
0,8715 0 469
0,867 0 467
0,8655 0 466
0,8625 0 465
0,8595 0 464
0,8565 0 462,5
0,8505 0 461
0,8445 0 459,5
0,8445 0 458,5
0,8445 0 458
0,8445 0 457,5
0,8415 0 458
0,84 0 457
0,8295 0 454
0,8205 0 450,5
0,816 0 448,5
0,81 0 446,5
0,8055 0 444
0,801 0 442,5
0,801 0 442
0,7995 0 441
0,7965 0 440,5
0,7845 0 436,5
0,7785 0 434,5
0,771 0 432
0,765 0 429
0,762 0 427,5
0,756 0 425
0,7515 0 423,5
0,753 0 423
0,753 0 422,5
0,7515 0 422,5
0,747 0 421,5
0,7425 0 420
0,741 0 419
0,7365 0 417,5
0,7275 0 415
0,7215 0 412,5
0,711 0 408,5
0,708 0 406,5
0,699 0 404
0,6975 0 402
0,693 0 401
0,6885 0 399,5
0,6825 0 397
0,675 0 394
0,6705 0 392
0,663 0 389
0,651 0 385
0,651 0 383
0,648 0 382,5
0,6465 0 382
0,648 0 381,5
0,648 0 380,5
0,6465 0 380,5
0,6465 0 380,5
0,6465 0 380,5
0,645 0 380
0,645 0 380
0,6375 0 378,5
0,636 0 377
0,633 0 376
0,6225 0 373,5
0,621 0 371,5
0,618 0 369
0,612 0 367
0,6045 0 364,5
0,6015 0 363
0,597 0 360,5
0,5925 0 358,5
0,585 0 356,5
0,5835 0 355
0,5775 0 353
0,5685 0 349,5
0,5595 0 346,5
0,555 0 343,5
0,549 0 340
0,5445 0 339
0,543 0 338
0,546 0 337
0,5415 0 336,5
0,5355 0 335
0,531 0 332,5
0,5265 0 331
0,525 0 330
0,5205 0 328,5
0,5175 0 326,5
0,5145 0 324,5
0,51 0 323
0,507 0 321,5
0,5025 0 320
0,4995 0 318,5
0,4965 0 317
0,495 0 315,5
0,4935 0 315
0,4875 0 313
0,4845 0 311,5
0,4785 0 309
0,4725 0 306,5
0,4725 0 305
0,462 0 302,5
0,4575 0 299,5
0,4515 0 296
0,447 0 294
0,444 0 292,5
0,4425 0 291,5
0,438 0 291
0,4335 0 288,5
0,4245 0 284,5
0,4155 0 281,5
0,411 0 277,5
0,4035 0 274,5
0,399 0 272,5
0,3975 0 271
0,3915 0 268,5
0,387 0 266,5
0,384 0 264,5
0,378 0 262
0,3735 0 259,5
0,369 0 257,5
0,3645 0 256
0,3615 0 254,5
0,357 0 252
0,354 0 250
0,3495 0 248,5
0,3465 0 245,5
0,336 0 242
0,3255 0 236,5
0,3165 0 232,5
0,3135 0 231
0,3105 0 229,5
0,306 0 227,5
0,2955 0 223
0,2925 0 220
0,2830 0 217
0,2835 0 215
0,2805 0 214
0,279 0 212,5
0,2745 0 211
0,273 0 210
0,2715 0 208,5
0,264 0 206,5
0,261 0 204,5
0,2565 0 201,5
0,2445 0 196,5
0,237 0 193,5
0,234 0 191
0,2265 0 188,5
0,2235 0 185
0,2175 0 183,5
0,219 0 182,5
0,213 0 180,5
0,207 0 178
0,2055 0 176,5
0,204 0 175,5
0,2025 0 174,5
0,189 0 169,5
0,1785 0 165
0,1755 0 162
0,174 0 160,5
0,1725 0 159,5
0,1695 0 158,5
0,165 0 157
0,1575 0 154
0,1455 0 148,5
0,135 0 143
0,117 0 134,5
0,1125 0 131
0,1095 0 129
0,105 0 127
0,102 0 125
0,1005 0 124
0,0975 0 122
0,09 0 120
0,0915 0 118,5
0,0825 0 117
0,084 0 114,5
0,0825 0 113,5
0,0795 0 112,5
0,075 0 111
0,066 0 107
0,063 0 104,5
0,0555 0 102
0,054 0 101
0,0495 0 99
0,051 0 98
0,039 0 95,5
0,0375 0 92
0,0315 0 90
0,03 0 88,5
0,027 0 86
0,0195 0 85
0,0075 0 78
0,009 0 77
0,0075 0 76
0,009 0 76
0,006 0 75,5
0,006 0 75
0,003 0 74
-0,0015 0 73
0 0 72,5
0 0 72
0 0 72
0,0015 0 72
0 0 71,5
0,0015 0 71,5
0,0015 0 72
0 0 72
-0,0015 0 71,5
0,0015 0 71,5
0,0015 0 72
0 0 71,5
0 0 71,5
0 0 71,5
0,0015 0 71,5
0,0015 0 71,5
0 0 71,5
0 0 71,5
-0,0015 0 71,5
-0,0015 0 72
0 0 72
0 0 71,5
0 0 71,5
-0,0015 0 72
0,0015 0 71,5
0,0015 0 71,5
0 0 72
0 0 71,5
0 0 71,5
0,0015 0 71,5
-0,0015 0 72
0,0015 0 71,5
0 0 71,5
0 0 71,5
-0,0015 0 71,5
0,0015 0 71,5
0 0 71,5
0 0 71,5
0 0 72
0,0015 0 71,5
0 0 71,5
-0,0015 0 71,5
0,0015 0 71,5
-0,0015 0 71,5
0 0 72
0 0 71,5
0 0 71,5
0 0 71,5
0,0015 0 72
0,0015 0 71,5
0,0015 0 71,5
0,0015 0 71,5
0 0 71,5
-0,0015 0 71,5
0 0 71,5
0 0 71,5
0 0 71,5
0,0015 0 71,5
0 0 71,5
0 0 71,5
0,0015 0 71,5
-0,0015 0 71,5
0 0 71,5
-0,0015 0 71,5
0,0015 0 71,5
0 0 71,5
0 0 71,5
0 0 71,5
0 0 71,5
0 0 72
0 0 71,5
0,0015 0 71,5
0,0015 0 71,5
-0,0015 0 71,5
0 0 71,5
0 0 71,5
0,0015 0 71,5
0,0015 0 71,5
-0,0015 0 71,5
0,0015 0 71,5
-0,0015 0 71,5
0,0015 0 72
0 0 71,5
0,0015 0 71,5
-0,0015 0 71,5
0,0015 0 71,5
0 0 72
0 0 71,5
0,0015 0 71,5
-0,0015 0 71,5
-0,0015 0 71,5
0 0 71,5
-0,0015 0 71,5
0 0 71,5
0 0 72
0 0 71,5
0,0015 0 71,5
0 0 71,5
0 0 71,5
0 0 71,5
0 0 71,5
0,0015 0 71,5
0,0015 0 71,5
-0,0015 0 71,5
-0,0015 0 71,5
0 0 71,5
0 0 72
0,0015 0 71,5
0 0 72
0 0 71,5
-0,0015 0 71,5
0 0 71,5
-0,0015 0 71,5
0 0 71,5
0 0 71,5
-0,0015 0 71,5
-0,006 0 70,5
-0,0105 0 68,5
-0,0105 0 67,5
-0,012 0 67
-0,009 0 67
-0,0165 0 66
-0,0255 0 62,5
-0,0345 0 57,5
-0,0375 0 55,5
-0,039 0 54,5
-0,0405 0 53
-0,0465 0 50,5
-0,0495 0 48,5
-0,0525 0 47,5
-0,0555 0 46
-0,057 0 45
-0,06 0 44
-0,0645 0 42
-0,0645 0 41
-0,0645 0 40,5
-0,0675 0 39,5
-0,072 0 38,5
-0,0735 0 36,5
-0,075 0 36
-0,0765 0 35
-0,081 0 33,5
-0,081 0 32,5
-0,081 0 32
-0,0825 0 32
-0,084 0 31
-0,087 0 30,5
-0,09 0 29,5
-0,09 0 28
-0,093 0 27
-0,093 0 26
-0,0945 0 25,5
-0,0975 0 24,5
-0,0975 0 23,5
-0,1005 0 23
-0,102 0 22
-0,1035 0 21
-0,105 0 20,5
-0,108 0 19,5
-0,1155 0 16,5
-0,129 0 10
-0,1395 0 5
-0,144 0 2,5
-0,147 0 0,5
-0,15 0 -0,5
-0,153 0 -2,5
-0,156 0 -5
-0,162 0 -6,5
-0,165 0 -8
-0,1665 0 -9,5
-0,171 0 -11
-0,1755 0 -13,5
-0,1815 0 -16
-0,189 0 -19,5
-0,195 0 -23
-0,201 0 -25,5
-0,2055 0 -28
-0,2115 0 -31
-0,219 0 -34,5
-0,2205 0 -36
-0,225 0 -38
-0,2295 0 -39,5
-0,231 0 -41
-0,237 0 -43
-0,24 0 -45,5
-0,243 0 -47,5
-0,243 0 -48
-0,246 0 -48,5
-0,246 0 -50
-0,249 0 -50,5
-0,2505 0 -51
-0,2535 0 -52,5
-0,255 0 -53,5
-0,258 0 -55
-0,2595 0 -56
-0,2595 0 -56,5
-0,261 0 -56,5
-0,2625 0 -57,5
-0,2625 0 -58
-0,264 0 -58,5
-0,264 0 -59,5
-0,2685 0 -60
-0,2715 0 -61,5
-0,2745 0 -63
-0,276 0 -64
-0,276 0 -65
-0,2775 0 -65,5
-0,2775 0 -66
-0,2805 0 -67
-0,2835 0 -68
-0,285 0 -69
-0,2895 0 -70,5
-0,2925 0 -72,5
-0,2985 0 -74
-0,3 0 -75,5
-0,3015 0 -77
-0,3045 0 -78,5
-0,306 0 -79,5
-0,312 0 -81
-0,3135 0 -82,5
-0,3165 0 -83,5
-0,318 0 -85
-0,3195 0 -85,5
-0,321 0 -86,5
-0,3255 0 -88
-0,33 0 -89,5
-0,336 0 -92,5
-0,3405 0 -94,5
-0,3435 0 -96,5
-0,3495 0 -99
-0,351 0 -101
-0,354 0 -102,5
-0,36 0 -104,5
-0,369 0 -108
-0,372 0 -110,5
-0,3765 0 -111,5
-0,375 0 -113
-0,3795 0 -114
-0,384 0 -116
-0,3915 0 -118
-0,396 0 -121
-0,402 0 -124
-0,408 0 -126,5
-0,4125 0 -128,5
-0,414 0 -130
-0,414 0 -131
-0,4185 0 -132,5
-0,423 0 -134
-0,4305 0 -137
-0,438 0 -141,5
-0,444 0 -144
-0,447 0 -146
-0,4515 0 -148
-0,459 0 -151
-0,468 0 -155
-0,474 0 -158
-0,4815 0 -161,5
-0,4905 0 -165
-0,4995 0 -170
-0,51 0 -173,5
-0,516 0 -177,5
-0,5205 0 -180
-0,525 0 -183
-0,531 0 -185
-0,5325 0 -187
-0,537 0 -188,5
-0,5445 0 -192
-0,5505 0 -195
-0,5535 0 -196,5
-0,555 0 -198
-0,5565 0 -198,5
-0,5595 0 -200
-0,564 0 -201,5
-0,5655 0 -203
-0,5685 0 -204
-0,57 0 -205,5
-0,5745 0 -207
-0,582 0 -210
-0,585 0 -212
-0,5895 0 -213,5
-0,5925 0 -215,5
-0,594 0 -216,5
-0,6 0 -218,5
-0,6105 0 -221,5
-0,621 0 -227
-0,6285 0 -231
-0,6345 0 -234
-0,6345 0 -235
-0,6345 0 -236
-0,636 0 -236,5
-0,636 0 -237
-0,636 0 -237,5
-0,6405 0 -238
-0,648 0 -239
-0,6615 0 -245
-0,6675 0 -249
-0,6765 0 -252
-0,69 0 -258,5
-0,702 0 -263
-0,7035 0 -266,5
-0,705 0 -267,5
-0,7065 0 -268
-0,7125 0 -270
-0,7185 0 -272
-0,7215 0 -274,5
-0,726 0 -276
-0,729 0 -278
-0,7335 0 -279,5
-0,7335 0 -280,5
-0,735 0 -282
-0,744 0 -284
-0,744 0 -285,5
-0,7425 0 -285,5
-0,7425 0 -286
-0,744 0 -286
-0,744 0 -286,5
-0,7425 0 -286
-0,744 0 -286,5
-0,7455 0 -286,5
-0,7455 0 -287
-0,753 0 -289,5
-0,7665 0 -293
-0,78 0 -298
-0,7845 0 -302
-0,7965 0 -306
-0,807 0 -310,5
-0,8175 0 -315
-0,831 0 -320
-0,837 0 -324
-0,84 0 -326
-0,8445 0 -328
-0,8475 0 -330,5
-0,858 0 -333,5
-0,864 0 -336,5
-0,87 0 -339,5
-0,888 0 -345,5
-0,8955 0 -349
-0,9 0 -352
-0,906 0 -355
-0,9135 0 -357,5
-0,921 0 -360,5
-0,927 0 -363,5
-0,93 0 -365,5
-0,936 0 -368
-0,9405 0 -370
-0,9435 0 -371,5
-0,948 0 -373,5
-0,9525 0 -375
-0,96 0 -378
-0,969 0 -381,5
-0,972 0 -383,5
-0,975 0 -385
-0,975 0 -386
-0,978 0 -387
-0,9795 0 -388
-0,984 0 -389
-0,987 0 -390,5
-0,9915 0 -392
-0,9945 0 -393,5
-0,9975 0 -395
-0,999 0 -396
-1,0035 0 -397
-1,008 0 -398,5
-1,0095 0 -400,5
-1,0125 0 -401
-1,017 0 -403
-1,0215 0 -404
-1,0245 0 -406
-1,032 0 -408
-1,0305 0 -409,5
-1,035 0 -411
-1,038 0 -411,5
-1,0395 0 -412,5
-1,0425 0 -413,5
-1,0425 0 -414,5
-1,047 0 -415,5
-1,05 0 -416,5
-1,05 0 -417,5
-1,053 0 -418,5
-1,0575 0 -420
-1,0605 0 -421
-1,062 0 -421,5
-1,062 0 -422
-1,0635 0 -422,5
-1,065 0 -423,5
-1,0665 0 -424,5
-1,071 0 -425,5
-1,0725 0 -426
-1,0725 0 -426,5
-1,074 0 -427
-1,077 0 -427,5
-1,077 0 -428
-1,0785 0 -429
-1,0815 0 -430
-1,0875 0 -431
-1,0905 0 -432,5
-1,095 0 -434,5
-1,0965 0 -435,5
-1,0995 0 -436,5
-1,101 0 -438
-1,1055 0 -439
-1,1085 0 -440,5
-1,1115 0 -441,5
-1,1145 0 -442,5
-1,119 0 -444
-1,125 0 -446,5
-1,128 0 -448,5
-1,1355 0 -450,5
-1,1415 0 -452,5
-1,1445 0 -454
-1,1475 0 -455,5
-1,1505 0 -457
-1,155 0 -458,5
-1,1595 0 -460
-1,1625 0 -461,5
-1,167 0 -463
-1,17 0 -464,5
-1,173 0 -465,5
-1,179 0 -467
-1,179 0 -468,5
-1,182 0 -469,5
-1,1835 0 -470,5
-1,188 0 -471,5
-1,188 0 -472
-1,1895 0 -472,5
-1,191 0 -473
-1,191 0 -473,5
-1,191 0 -474
-1,1925 0 -474
-1,194 0 -474,5
-1,1955 0 -475
-1,1955 0 -475
-1,1985 0 -476
-1,1985 0 -476,5
-1,2 0 -477
-1,203 0 -478
-1,206 0 -479
-1,206 0 -479,5
-1,206 0 -479,5
-1,2075 0 -480
-1,2075 0 -480,5
-1,2105 0 -480,5
-1,2105 0 -480,5
-1,212 0 -481
-1,2135 0 -482
-1,2165 0 -483
-1,221 0 -484
-1,2255 0 -486
-1,23 0 -487,5
-1,23 0 -488,5
-1,2315 0 -489,5
-1,233 0 -489,5
-1,236 0 -490
-1,2375 0 -491
-1,239 0 -491,5
-1,2405 0 -492,5
-1,2405 0 -493
-1,242 0 -493
-1,242 0 -493,5
-1,2405 0 -494
-1,2435 0 -494
-1,245 0 -494,5
-1,2495 0 -495
-1,251 0 -496
-1,254 0 -496,5
-1,254 0 -497,5
-1,254 0 -497,5
-1,2555 0 -498
-1,2585 0 -498
-1,26 0 -499,5
-1,26 0 -500
-1,263 0 -500,5
-1,2615 0 -501
-1,2615 0 -501
-1,266 0 -501,5
-1,266 0 -501,5
-1,275 0 -504
-1,272 0 -504,5
-1,2765 0 -505,5
-1,2765 0 -506,5
-1,2825 0 -507
-1,2795 0 -507,5
-1,284 0 -508
-1,284 0 -508,5
-1,2855 0 -509
-1,2885 0 -509,5
-1,287 0 -510
-1,2885 0 -510,5
-1,29 0 -510,5
-1,293 0 -511,5
-1,293 0 -512
-1,2975 0 -513
-1,3005 0 -514
-1,305 0 -515
-1,305 0 -516
-1,308 0 -517,5
-1,3125 0 -518,5
-1,3155 0 -520
-1,32 0 -521
-1,3215 0 -521,5
-1,3215 0 -522,5
-1,323 0 -523,5
-1,3275 0 -523,5
-1,326 0 -524
-1,329 0 -524,5
-1,3275 0 -525
-1,3275 0 -525
-1,3335 0 -526,5
-1,338 0 -527,5
-1,344 0 -529,5
-1,3455 0 -531
-1,3515 0 -532,5
-1,3575 0 -534,5
-1,362 0 -536
-1,362 0 -537
-1,374 0 -540
-1,3845 0 -543,5
-1,3875 0 -545,5
-1,392 0 -547
-1,395 0 -548
-1,3995 0 -550,5
-1,404 0 -551,5
-1,4085 0 -553
-1,419 0 -555,5
-1,4295 0 -559,5
-1,431 0 -561
-1,4325 0 -562
-1,434 0 -563
-1,4385 0 -564
-1,4505 0 -567
-1,4625 0 -570,5
-1,4685 0 -573,5
-1,4655 0 -574,5
-1,47 0 -575
-1,467 0 -575,5
-1,47 0 -575,5
-1,467 0 -575,5
-1,4685 0 -575,5
-1,467 0 -575,5
-1,47 0 -575,5
-1,4685 0 -575,5
-1,473 0 -576
-1,4805 0 -578
-1,494 0 -582
-1,5075 0 -586,5
-1,527 0 -591,5
-1,536 0 -595,5
-1,554 0 -600
-1,5645 0 -604,5
-1,578 0 -608,5
-1,5855 0 -612
-1,599 0 -616
-1,6065 0 -619,5
-1,614 0 -621,5
-1,617 0 -623
-1,6245 0 -625,5
-1,632 0 -628,5
-1,641 0 -630,5
-1,644 0 -632,5
-1,6515 0 -634,5
-1,659 0 -636,5
-1,659 0 -638
-1,665 0 -639,5
-1,671 0 -641
-1,6755 0 -642,5
-1,6755 0 -643,5
-1,6845 0 -645,5
-1,689 0 -647
-1,6905 0 -648
-1,695 0 -649
-1,6965 0 -650
-1,704 0 -652
-1,71 0 -653,5
-1,7115 0 -655
-1,7175 0 -656
-1,7205 0 -657,5
-1,728 0 -658,5
-1,731 0 -660,5
-1,737 0 -662
-1,737 0 -663
-1,74 0 -664
-1,7445 0 -665
-1,749 0 -666
-1,755 0 -667,5
-1,761 0 -669,5
-1,7655 0 -671
-1,779 0 -674
-1,785 0 -677
-1,794 0 -679,5
-1,8015 0 -682
-1,809 0 -684
-1,8165 0 -686
-1,821 0 -687,5
-1,827 0 -689,5
-1,83 0 -691
-1,833 0 -692
-1,839 0 -693,5
-1,8495 0 -696
-1,857 0 -698,5
-1,863 0 -700,5
-1,872 0 -703
-1,881 0 -705,5
-1,8855 0 -707
-1,8885 0 -708
-1,893 0 -709,5
-1,902 0 -711,5
-1,911 0 -714
-1,914 0 -716
-1,9185 0 -717
-1,917 0 -717,5
-1,92 0 -718,5
-1,9275 0 -720
-1,938 0 -721,5
-1,941 0 -723,5
-1,9455 0 -724,5
-1,9455 0 -725,5
-1,9515 0 -727
-1,956 0 -728
-1,9635 0 -730
-1,9695 0 -731,5
-1,971 0 -732,5
-1,9815 0 -735
-1,989 0 -736,5
-1,995 0 -739
-1,9995 0 -740,5
-2,004 0 -742
-2,01 0 -743
-2,0145 0 -744,5
-2,016 0 -745,5
-2,0265 0 -747,5
-2,031 0 -749,5
-2,0385 0 -751
-2,046 0 -752,5
-2,0475 0 -754,5
-2,0595 0 -756,5
-2,0625 0 -758,5
-2,073 0 -760
-2,0775 0 -762
-2,0805 0 -763,5
-2,0835 0 -764
-2,091 0 -765,5
-2,0955 0 -767
-2,1075 0 -769,5
-2,118 0 -772,5
-2,1255 0 -775
-2,133 0 -776,5
-2,1375 0 -778,5
-2,1405 0 -780
-2,148 0 -781,5
-2,154 0 -782
-2,166 0 -784
-2,1735 0 -787
-2,1795 0 -790
-2,1975 0 -793,5
-2,2155 0 -796
-2,2245 0 -800,5
-2,2395 0 -804
-2,247 0 -807,5
-2,256 0 -809,5
-2,2575 0 -809,5
-2,265 0 -812
-2,2695 0 -812,5
-2,271 0 -812,5
-2,2755 0 -813,5
-2,2785 0 -814
-2,2875 0 -815,5
-2,2935 0 -818,5
-2,301 0 -819
-2,3115 0 -821
-2,319 0 -825,5
-2,3295 0 -827,5
-2,3355 0 -827
-2,3415 0 -829
-2,3445 0 -831,5
-2,352 0 -830,5
-2,3595 0 -836
-2,367 0 -837
-2,3715 0 -839
-2,376 0 -840
-2,3805 0 -841
-2,3865 0 -842,5
-2,394 0 -840,5
-2,403 0 -843
-2,412 0 -844
-2,415 0 -845,5
-2,421 0 -850,5
-2,4285 0 -850
-2,436 0 -853
-2,4495 0 -853
-2,463 0 -859,5
-2,4705 0 -859
-2,478 0 -859,5
-2,4855 0 -861
-2,49 0 -862,5
-2,493 0 -864
-2,496 0 -866
-2,496 0 -868,5
-2,5005 0 -865,5
-2,505 0 -869,5
-2,5095 0 -871
-2,5095 0 -867,5
-2,5125 0 -868,5
-2,5185 0 -870
-2,523 0 -870
-2,5245 0 -874,5
-2,526 0 -871
-2,535 0 -876
-2,5395 0 -873,5
-2,5455 0 -875
-2,5485 0 -878,5
-2,553 0 -879,5
-2,5545 0 -879,5
-2,5575 0 -881,5
-2,5635 0 -880
-2,5665 0 -882
-2,5755 0 -882
-2,5785 0 -885,5
-2,5875 0 -886,5
-2,5965 0 -888
-2,598 0 -886,5
-2,6025 0 -890,5
-2,6085 0 -888
-2,6145 0 -893,5
-2,6205 0 -894
-2,628 0 -891,5
-2,6295 0 -897
-2,634 0 -893,5
-2,6325 0 -895
-2,6385 0 -894,5
-2,643 0 -899,5
-2,649 0 -897
-2,652 0 -897,5
-2,658 0 -898,5
-2,6625 0 -903
-2,6775 0 -904
-2,6895 0 -905,5
-2,6955 0 -907
-2,7045 0 -908,5
-2,709 0 -909,5
-2,7195 0 -913
-2,724 0 -915
-2,733 0 -915,5
-2,742 0 -913,5
-2,748 0 -915,5
-2,757 0 -921,5
-2,766 0 -923,5
-2,7735 0 -920
-2,7765 0 -925,5
-2,7825 0 -924
-2,787 0 -927,5
-2,7975 0 -929,5
-2,802 0 -926
-2,8065 0 -926,5
-2,814 0 -927,5
-2,817 0 -929
-2,8245 0 -930,5
-2,847 0 -937,5
-2,8545 0 -935,5
-2,8665 0 -939
-2,88 0 -941,5
-2,892 0 -946
-2,898 0 -942,5
-2,901 0 -943,5
-2,9055 0 -944
-2,9115 0 -946
-2,919 0 -945,5
-2,922 0 -948
-2,922 0 -947,5
-2,925 0 -950,5
-2,922 0 -951,5
-2,922 0 -950
-2,922 0 -947
-2,9235 0 -948
-2,922 0 -952
-2,922 0 -951,5
-2,922 0 -947
-2,922 0 -947,5
-2,9205 0 -948,5
-2,922 0 -952
-2,922 0 -947,5
-2,9205 0 -948
-2,922 0 -948
-2,922 0 -949,5
-2,922 0 -947
-2,9235 0 -950,5
-2,922 0 -950
-2,922 0 -949,5
-2,922 0 -951,5
-2,922 0 -947,5
-2,9205 0 -950,5
-2,922 0 -947
-2,9205 0 -948
-2,922 0 -950,5
-2,922 0 -948,5
-2,922 0 -952
-2,9205 0 -949,5
-2,9205 0 -951
-2,922 0 -951,5
-2,9205 0 -949
-2,922 0 -947
-2,922 0 -947,5
-2,9205 0 -951
-2,9205 0 -952
-2,9205 0 -952
-2,9205 0 -949
-2,9205 0 -947,5
-2,922 0 -946,5
-2,9205 0 -951,5
-2,9205 0 -950,5