#['B', 'Null1', 'I', 'Null2']
0.0000 0.0000 -0.5000 0.0000
-0.0015 0.0000 -1.0000 0.0000
0.0015 0.0000 -0.5000 0.0000
0.0015 0.0000 -0.5000 0.0000
0.0000 0.0000 -0.5000 0.0000
0.0015 0.0000 -0.5000 0.0000
-0.0015 0.0000 -0.5000 0.0000
0.0015 0.0000 0.0000 0.0000
0.0015 0.0000 -0.5000 0.0000
0.0000 0.0000 0.0000 0.0000
0.0000 0.0000 -0.5000 0.0000
-0.0015 0.0000 -0.5000 0.0000
-0.0015 0.0000 -0.5000 0.0000
0.0000 0.0000 -1.0000 0.0000
0.0000 0.0000 0.0000 0.0000
0.0015 0.0000 -0.5000 0.0000
0.0000 0.0000 -0.5000 0.0000
-0.0015 0.0000 -0.5000 0.0000
-0.0510 0.0000 -9.0000 0.0000
-0.1155 0.0000 -26.5000 0.0000
-0.1770 0.0000 -50.5000 0.0000
-0.2145 0.0000 -67.5000 0.0000
-0.2640 0.0000 -88.5000 0.0000
-0.2985 0.0000 -105.5000 0.0000
-0.3210 0.0000 -118.5000 0.0000
-0.3495 0.0000 -131.0000 0.0000
-0.3750 0.0000 -143.5000 0.0000
-0.4005 0.0000 -155.0000 0.0000
-0.4350 0.0000 -170.5000 0.0000
-0.4965 0.0000 -196.0000 0.0000
-0.5385 0.0000 -218.5000 0.0000
-0.5685 0.0000 -234.0000 0.0000
-0.6030 0.0000 -249.5000 0.0000
-0.6435 0.0000 -267.5000 0.0000
-0.6975 0.0000 -288.5000 0.0000
-0.7185 0.0000 -301.5000 0.0000
-0.7395 0.0000 -312.0000 0.0000
-0.7590 0.0000 -321.5000 0.0000
-0.7995 0.0000 -334.5000 0.0000
-0.8370 0.0000 -350.5000 0.0000
-0.8520 0.0000 -358.0000 0.0000
-0.8850 0.0000 -369.5000 0.0000
-0.9045 0.0000 -379.5000 0.0000
-0.9195 0.0000 -386.5000 0.0000
-0.9345 0.0000 -392.0000 0.0000
-0.9645 0.0000 -401.5000 0.0000
-0.9885 0.0000 -411.5000 0.0000
-1.0260 0.0000 -424.5000 0.0000
-1.0635 0.0000 -438.5000 0.0000
-1.0875 0.0000 -448.0000 0.0000
-1.1010 0.0000 -454.5000 0.0000
-1.1100 0.0000 -459.0000 0.0000
-1.1160 0.0000 -461.5000 0.0000
-1.1205 0.0000 -463.5000 0.0000
-1.1190 0.0000 -464.5000 0.0000
-1.1235 0.0000 -465.5000 0.0000
-1.1235 0.0000 -466.0000 0.0000
-1.1250 0.0000 -466.5000 0.0000
-1.1250 0.0000 -466.5000 0.0000
-1.1265 0.0000 -467.0000 0.0000
-1.1265 0.0000 -467.0000 0.0000
-1.1265 0.0000 -467.0000 0.0000
-1.1265 0.0000 -467.0000 0.0000
-1.1265 0.0000 -467.0000 0.0000
-1.1265 0.0000 -467.0000 0.0000
-1.1280 0.0000 -467.0000 0.0000
-1.1265 0.0000 -467.0000 0.0000
-1.1280 0.0000 -467.0000 0.0000
-1.1265 0.0000 -467.0000 0.0000
-1.1280 0.0000 -467.0000 0.0000
-1.1265 0.0000 -467.0000 0.0000
-1.1280 0.0000 -467.5000 0.0000
-1.1280 0.0000 -467.5000 0.0000
-1.1265 0.0000 -467.0000 0.0000
-1.1265 0.0000 -467.5000 0.0000
-1.1280 0.0000 -467.0000 0.0000
-1.1265 0.0000 -467.5000 0.0000
-1.1265 0.0000 -467.0000 0.0000
-1.1280 0.0000 -467.0000 0.0000
-1.1265 0.0000 -467.5000 0.0000
-1.1265 0.0000 -467.0000 0.0000
-1.1265 0.0000 -467.0000 0.0000
-1.1280 0.0000 -467.0000 0.0000
-1.1280 0.0000 -467.5000 0.0000
-1.1280 0.0000 -467.5000 0.0000
-1.1265 0.0000 -467.5000 0.0000
-1.1265 0.0000 -467.5000 0.0000
-1.1265 0.0000 -467.5000 0.0000
-1.1265 0.0000 -467.0000 0.0000
-1.1265 0.0000 -467.0000 0.0000
-1.1325 0.0000 -467.5000 0.0000
-1.1460 0.0000 -472.0000 0.0000
-1.1805 0.0000 -481.0000 0.0000
-1.2210 0.0000 -494.0000 0.0000
-1.2540 0.0000 -506.0000 0.0000
-1.2825 0.0000 -516.0000 0.0000
-1.3020 0.0000 -524.0000 0.0000
-1.3260 0.0000 -532.0000 0.0000
-1.3500 0.0000 -539.5000 0.0000
-1.3785 0.0000 -548.5000 0.0000
-1.4025 0.0000 -557.0000 0.0000
-1.4190 0.0000 -563.5000 0.0000
-1.4295 0.0000 -568.0000 0.0000
-1.4385 0.0000 -571.0000 0.0000
-1.4430 0.0000 -573.5000 0.0000
-1.4460 0.0000 -575.0000 0.0000
-1.4565 0.0000 -577.5000 0.0000
-1.4655 0.0000 -580.0000 0.0000
-1.4760 0.0000 -583.5000 0.0000
-1.4895 0.0000 -587.5000 0.0000
-1.5000 0.0000 -591.0000 0.0000
-1.5075 0.0000 -594.0000 0.0000
-1.5270 0.0000 -598.5000 0.0000
-1.5390 0.0000 -602.5000 0.0000
-1.5510 0.0000 -606.5000 0.0000
-1.5570 0.0000 -610.0000 0.0000
-1.5675 0.0000 -612.5000 0.0000
-1.5765 0.0000 -615.5000 0.0000
-1.5855 0.0000 -618.0000 0.0000
-1.5960 0.0000 -621.0000 0.0000
-1.6035 0.0000 -624.0000 0.0000
-1.6110 0.0000 -626.0000 0.0000
-1.6155 0.0000 -628.5000 0.0000
-1.6245 0.0000 -630.5000 0.0000
-1.6320 0.0000 -633.5000 0.0000
-1.6425 0.0000 -635.0000 0.0000
-1.6515 0.0000 -638.0000 0.0000
-1.6590 0.0000 -641.0000 0.0000
-1.6665 0.0000 -643.0000 0.0000
-1.6755 0.0000 -646.0000 0.0000
-1.6830 0.0000 -648.5000 0.0000
-1.6890 0.0000 -650.5000 0.0000
-1.6935 0.0000 -652.0000 0.0000
-1.6950 0.0000 -653.0000 0.0000
-1.7055 0.0000 -655.0000 0.0000
-1.7130 0.0000 -658.0000 0.0000
-1.7205 0.0000 -660.0000 0.0000
-1.7310 0.0000 -662.5000 0.0000
-1.7430 0.0000 -666.0000 0.0000
-1.7520 0.0000 -668.5000 0.0000
-1.7610 0.0000 -671.0000 0.0000
-1.7685 0.0000 -674.0000 0.0000
-1.7775 0.0000 -676.5000 0.0000
-1.7850 0.0000 -679.0000 0.0000
-1.7925 0.0000 -681.0000 0.0000
-1.7955 0.0000 -682.5000 0.0000
-1.8000 0.0000 -683.5000 0.0000
-1.8075 0.0000 -686.0000 0.0000
-1.8150 0.0000 -688.0000 0.0000
-1.8225 0.0000 -690.5000 0.0000
-1.8300 0.0000 -692.5000 0.0000
-1.8405 0.0000 -694.5000 0.0000
-1.8420 0.0000 -696.0000 0.0000
-1.8390 0.0000 -696.5000 0.0000
-1.8405 0.0000 -696.5000 0.0000
-1.8405 0.0000 -696.5000 0.0000
-1.8405 0.0000 -697.0000 0.0000
-1.8405 0.0000 -697.0000 0.0000
-1.8420 0.0000 -696.5000 0.0000
-1.8390 0.0000 -697.0000 0.0000
-1.8405 0.0000 -697.0000 0.0000
-1.8405 0.0000 -697.0000 0.0000
-1.8405 0.0000 -697.0000 0.0000
-1.8390 0.0000 -696.5000 0.0000
-1.8405 0.0000 -696.5000 0.0000
-1.8390 0.0000 -697.0000 0.0000
-1.8405 0.0000 -696.5000 0.0000
-1.8405 0.0000 -697.0000 0.0000
-1.8405 0.0000 -697.0000 0.0000
-1.8390 0.0000 -697.0000 0.0000
-1.8390 0.0000 -697.0000 0.0000
-1.8390 0.0000 -697.0000 0.0000
-1.8420 0.0000 -697.0000 0.0000
-1.8405 0.0000 -697.0000 0.0000
-1.8390 0.0000 -697.0000 0.0000
-1.8420 0.0000 -697.0000 0.0000
-1.8390 0.0000 -696.5000 0.0000
-1.8405 0.0000 -697.0000 0.0000
-1.8405 0.0000 -696.5000 0.0000
-1.8390 0.0000 -697.0000 0.0000
-1.8390 0.0000 -697.0000 0.0000
-1.8405 0.0000 -696.5000 0.0000
-1.8375 0.0000 -696.5000 0.0000
-1.8420 0.0000 -697.0000 0.0000
-1.8480 0.0000 -697.5000 0.0000
-1.8510 0.0000 -699.5000 0.0000
-1.8615 0.0000 -701.5000 0.0000
-1.8735 0.0000 -704.0000 0.0000
-1.8885 0.0000 -708.0000 0.0000
-1.9140 0.0000 -714.5000 0.0000
-1.9245 0.0000 -718.5000 0.0000
-1.9320 0.0000 -721.0000 0.0000
-1.9380 0.0000 -723.0000 0.0000
-1.9410 0.0000 -724.0000 0.0000
-1.9575 0.0000 -727.5000 0.0000
-1.9755 0.0000 -732.5000 0.0000
-1.9905 0.0000 -737.0000 0.0000
-2.0040 0.0000 -740.0000 0.0000
-2.0160 0.0000 -743.0000 0.0000
-2.0370 0.0000 -749.0000 0.0000
-2.0475 0.0000 -752.5000 0.0000
-2.0505 0.0000 -754.0000 0.0000
-2.0535 0.0000 -755.0000 0.0000
-2.0565 0.0000 -756.0000 0.0000
-2.0565 0.0000 -757.0000 0.0000
-2.0580 0.0000 -757.0000 0.0000
-2.0595 0.0000 -757.0000 0.0000
-2.0595 0.0000 -757.5000 0.0000
-2.0580 0.0000 -757.5000 0.0000
-2.0565 0.0000 -757.0000 0.0000
-2.0565 0.0000 -757.5000 0.0000
-2.0595 0.0000 -757.5000 0.0000
-2.0565 0.0000 -757.5000 0.0000
-2.0595 0.0000 -757.5000 0.0000
-2.0580 0.0000 -757.5000 0.0000
-2.0595 0.0000 -757.5000 0.0000
-2.0580 0.0000 -757.0000 0.0000
-2.0610 0.0000 -757.5000 0.0000
-2.0580 0.0000 -757.5000 0.0000
-2.0565 0.0000 -757.5000 0.0000
-2.0580 0.0000 -757.5000 0.0000
-2.0580 0.0000 -757.5000 0.0000
-2.0580 0.0000 -757.5000 0.0000
-2.0595 0.0000 -758.0000 0.0000
-2.0580 0.0000 -757.5000 0.0000
-2.0595 0.0000 -757.5000 0.0000
-2.0595 0.0000 -757.5000 0.0000
-2.0595 0.0000 -757.5000 0.0000
-2.0610 0.0000 -757.5000 0.0000
-2.0865 0.0000 -761.5000 0.0000
-2.1255 0.0000 -770.5000 0.0000
-2.1525 0.0000 -777.5000 0.0000
-2.1690 0.0000 -783.5000 0.0000
-2.1765 0.0000 -787.5000 0.0000
-2.1900 0.0000 -790.0000 0.0000
-2.2035 0.0000 -794.0000 0.0000
-2.2170 0.0000 -795.5000 0.0000
-2.2275 0.0000 -800.5000 0.0000
-2.2395 0.0000 -801.5000 0.0000
-2.2515 0.0000 -806.0000 0.0000
-2.2725 0.0000 -810.5000 0.0000
-2.2935 0.0000 -815.0000 0.0000
-2.3040 0.0000 -817.0000 0.0000
-2.3190 0.0000 -820.0000 0.0000
-2.3280 0.0000 -825.0000 0.0000
-2.3370 0.0000 -827.5000 0.0000
-2.3475 0.0000 -830.0000 0.0000
-2.3595 0.0000 -833.5000 0.0000
-2.3730 0.0000 -837.0000 0.0000
-2.3835 0.0000 -838.5000 0.0000
-2.3880 0.0000 -840.0000 0.0000
-2.3955 0.0000 -841.0000 0.0000
-2.4105 0.0000 -844.5000 0.0000
-2.4075 0.0000 -846.5000 0.0000
-2.4075 0.0000 -845.5000 0.0000
-2.4090 0.0000 -844.5000 0.0000
-2.4075 0.0000 -846.5000 0.0000
-2.4075 0.0000 -844.5000 0.0000
-2.4075 0.0000 -844.0000 0.0000
-2.4060 0.0000 -845.5000 0.0000
-2.4090 0.0000 -844.0000 0.0000
-2.4090 0.0000 -844.0000 0.0000
-2.4075 0.0000 -846.5000 0.0000
-2.4075 0.0000 -846.5000 0.0000
-2.4075 0.0000 -845.5000 0.0000
-2.4075 0.0000 -844.0000 0.0000
-2.4075 0.0000 -846.0000 0.0000
-2.4075 0.0000 -846.5000 0.0000
-2.4075 0.0000 -844.5000 0.0000
-2.4075 0.0000 -844.0000 0.0000
-2.4060 0.0000 -843.5000 0.0000
-2.4075 0.0000 -846.5000 0.0000
-2.4075 0.0000 -846.5000 0.0000
-2.4060 0.0000 -844.5000 0.0000
-2.4075 0.0000 -843.0000 0.0000
-2.4075 0.0000 -843.0000 0.0000
-2.4075 0.0000 -845.5000 0.0000
-2.4075 0.0000 -844.5000 0.0000
-2.4195 0.0000 -845.5000 0.0000
-2.4255 0.0000 -849.0000 0.0000
-2.4525 0.0000 -853.5000 0.0000
-2.4825 0.0000 -860.0000 0.0000
-2.4885 0.0000 -863.5000 0.0000
-2.5140 0.0000 -868.0000 0.0000
-2.5515 0.0000 -873.5000 0.0000
-2.5785 0.0000 -877.5000 0.0000
-2.5980 0.0000 -886.0000 0.0000
-2.6175 0.0000 -890.0000 0.0000
-2.6280 0.0000 -889.0000 0.0000
-2.6490 0.0000 -892.5000 0.0000
-2.6655 0.0000 -898.5000 0.0000
-2.6835 0.0000 -902.0000 0.0000
-2.6970 0.0000 -906.0000 0.0000
-2.6985 0.0000 -905.0000 0.0000
-2.7015 0.0000 -908.0000 0.0000
-2.7015 0.0000 -907.0000 0.0000
-2.7030 0.0000 -906.5000 0.0000
-2.7045 0.0000 -906.0000 0.0000
-2.7030 0.0000 -909.0000 0.0000
-2.7060 0.0000 -906.5000 0.0000
-2.7030 0.0000 -908.5000 0.0000
-2.7030 0.0000 -905.5000 0.0000
-2.7030 0.0000 -906.0000 0.0000
-2.7060 0.0000 -906.0000 0.0000
-2.7030 0.0000 -906.5000 0.0000
-2.7060 0.0000 -905.5000 0.0000
-2.7045 0.0000 -910.0000 0.0000
-2.7045 0.0000 -906.0000 0.0000
-2.7045 0.0000 -906.5000 0.0000
-2.7030 0.0000 -909.5000 0.0000
-2.7030 0.0000 -906.0000 0.0000
-2.7045 0.0000 -906.0000 0.0000
-2.7045 0.0000 -909.5000 0.0000
-2.7030 0.0000 -910.0000 0.0000
-2.7045 0.0000 -906.5000 0.0000
-2.7030 0.0000 -906.0000 0.0000
-2.7060 0.0000 -906.0000 0.0000
-2.7045 0.0000 -910.0000 0.0000
-2.7060 0.0000 -908.0000 0.0000
-2.7060 0.0000 -910.0000 0.0000
-2.7075 0.0000 -908.5000 0.0000
-2.7240 0.0000 -913.0000 0.0000
-2.7435 0.0000 -916.5000 0.0000
-2.7540 0.0000 -918.5000 0.0000
-2.7690 0.0000 -919.5000 0.0000
-2.7750 0.0000 -918.5000 0.0000
-2.7825 0.0000 -923.5000 0.0000
-2.7900 0.0000 -925.5000 0.0000
-2.7975 0.0000 -925.5000 0.0000
-2.8020 0.0000 -928.0000 0.0000
-2.8035 0.0000 -929.0000 0.0000
-2.8020 0.0000 -924.5000 0.0000
-2.8035 0.0000 -924.0000 0.0000
-2.8050 0.0000 -929.0000 0.0000
-2.8050 0.0000 -924.5000 0.0000
-2.8035 0.0000 -929.5000 0.0000
-2.8050 0.0000 -927.0000 0.0000
-2.8050 0.0000 -927.0000 0.0000
-2.8050 0.0000 -926.5000 0.0000
-2.8050 0.0000 -927.0000 0.0000
-2.8050 0.0000 -924.5000 0.0000
-2.8065 0.0000 -927.5000 0.0000
-2.8065 0.0000 -925.0000 0.0000
-2.8050 0.0000 -925.5000 0.0000
-2.8050 0.0000 -929.5000 0.0000
-2.8050 0.0000 -925.0000 0.0000
-2.8035 0.0000 -925.5000 0.0000
-2.8050 0.0000 -926.5000 0.0000
-2.8050 0.0000 -924.5000 0.0000
-2.8050 0.0000 -929.0000 0.0000
-2.8050 0.0000 -929.5000 0.0000
-2.8050 0.0000 -929.5000 0.0000
-2.8050 0.0000 -926.0000 0.0000
-2.8050 0.0000 -925.0000 0.0000
-2.8050 0.0000 -925.5000 0.0000
-2.8065 0.0000 -928.5000 0.0000
-2.8260 0.0000 -928.5000 0.0000
-2.8440 0.0000 -930.0000 0.0000
-2.8530 0.0000 -934.5000 0.0000
-2.8575 0.0000 -938.5000 0.0000
-2.8605 0.0000 -935.0000 0.0000
-2.8650 0.0000 -935.0000 0.0000
-2.8755 0.0000 -936.5000 0.0000
-2.8845 0.0000 -938.5000 0.0000
-2.8965 0.0000 -940.0000 0.0000
-2.9070 0.0000 -947.0000 0.0000
-2.9085 0.0000 -944.0000 0.0000
-2.9100 0.0000 -946.5000 0.0000
-2.9130 0.0000 -946.5000 0.0000
-2.9160 0.0000 -948.5000 0.0000
-2.9385 0.0000 -948.0000 0.0000
-2.9580 0.0000 -953.0000 0.0000
-2.9625 0.0000 -952.0000 0.0000
-2.9730 0.0000 -954.0000 0.0000
-2.9805 0.0000 -955.5000 0.0000
-2.9880 0.0000 -959.5000 0.0000
-2.9895 0.0000 -958.5000 0.0000
-2.9820 0.0000 -961.5000 0.0000
-2.9700 0.0000 -960.5000 0.0000
-2.9535 0.0000 -955.0000 0.0000
-2.9250 0.0000 -953.5000 0.0000
-2.9235 0.0000 -951.5000 0.0000
-2.9265 0.0000 -953.5000 0.0000
-2.9310 0.0000 -952.0000 0.0000
-2.9340 0.0000 -952.5000 0.0000
-2.9325 0.0000 -957.5000 0.0000
-2.9325 0.0000 -954.5000 0.0000
-2.9340 0.0000 -953.0000 0.0000
-2.9340 0.0000 -957.5000 0.0000
-2.9340 0.0000 -955.0000 0.0000
-2.9340 0.0000 -955.5000 0.0000
-2.9355 0.0000 -954.5000 0.0000
-2.9265 0.0000 -957.0000 0.0000
-2.9010 0.0000 -951.5000 0.0000
-2.8770 0.0000 -952.5000 0.0000
-2.8575 0.0000 -945.5000 0.0000
-2.8425 0.0000 -948.5000 0.0000
-2.8260 0.0000 -946.5000 0.0000
-2.8080 0.0000 -944.5000 0.0000
-2.7930 0.0000 -942.0000 0.0000
-2.7720 0.0000 -937.5000 0.0000
-2.7540 0.0000 -935.0000 0.0000
-2.7420 0.0000 -938.5000 0.0000
-2.7330 0.0000 -937.5000 0.0000
-2.7105 0.0000 -933.0000 0.0000
-2.6835 0.0000 -927.5000 0.0000
-2.6625 0.0000 -926.5000 0.0000
-2.6340 0.0000 -925.5000 0.0000
-2.6145 0.0000 -921.5000 0.0000
-2.5980 0.0000 -915.5000 0.0000
-2.5785 0.0000 -913.0000 0.0000
-2.5590 0.0000 -913.0000 0.0000
-2.5455 0.0000 -912.5000 0.0000
-2.5275 0.0000 -906.5000 0.0000
-2.5140 0.0000 -906.0000 0.0000
-2.5080 0.0000 -906.0000 0.0000
-2.4990 0.0000 -902.5000 0.0000
-2.4795 0.0000 -902.5000 0.0000
-2.4525 0.0000 -896.5000 0.0000
-2.4390 0.0000 -892.5000 0.0000
-2.4255 0.0000 -889.5000 0.0000
-2.4150 0.0000 -887.5000 0.0000
-2.3955 0.0000 -889.0000 0.0000
-2.3760 0.0000 -885.0000 0.0000
-2.3580 0.0000 -881.5000 0.0000
-2.3370 0.0000 -873.5000 0.0000
-2.3205 0.0000 -871.0000 0.0000
-2.3025 0.0000 -868.0000 0.0000
-2.2860 0.0000 -867.0000 0.0000
-2.2635 0.0000 -864.5000 0.0000
-2.2470 0.0000 -860.5000 0.0000
-2.2305 0.0000 -855.5000 0.0000
-2.2215 0.0000 -855.0000 0.0000
-2.2125 0.0000 -852.0000 0.0000
-2.1960 0.0000 -850.0000 0.0000
-2.1795 0.0000 -846.5000 0.0000
-2.1600 0.0000 -841.5000 0.0000
-2.1405 0.0000 -839.0000 0.0000
-2.1255 0.0000 -832.5000 0.0000
-2.1150 0.0000 -831.0000 0.0000
-2.1030 0.0000 -829.0000 0.0000
-2.0835 0.0000 -825.5000 0.0000
-2.0685 0.0000 -821.5000 0.0000
-2.0400 0.0000 -816.5000 0.0000
-2.0325 0.0000 -811.0000 0.0000
-2.0205 0.0000 -808.5000 0.0000
-2.0085 0.0000 -805.0000 0.0000
-2.0010 0.0000 -803.0000 0.0000
-1.9845 0.0000 -800.5000 0.0000
-1.9635 0.0000 -796.0000 0.0000
-1.9470 0.0000 -793.0000 0.0000
-1.9275 0.0000 -786.5000 0.0000
-1.9125 0.0000 -782.5000 0.0000
-1.9005 0.0000 -779.5000 0.0000
-1.8870 0.0000 -777.0000 0.0000
-1.8765 0.0000 -774.0000 0.0000
-1.8690 0.0000 -771.0000 0.0000
-1.8555 0.0000 -768.5000 0.0000
-1.8345 0.0000 -764.5000 0.0000
-1.8180 0.0000 -759.0000 0.0000
-1.7850 0.0000 -752.5000 0.0000
-1.7520 0.0000 -744.0000 0.0000
-1.7325 0.0000 -737.5000 0.0000
-1.7100 0.0000 -731.0000 0.0000
-1.6950 0.0000 -726.5000 0.0000
-1.6785 0.0000 -721.0000 0.0000
-1.6800 0.0000 -719.5000 0.0000
-1.6725 0.0000 -718.0000 0.0000
-1.6725 0.0000 -717.0000 0.0000
-1.6665 0.0000 -715.5000 0.0000
-1.6215 0.0000 -707.5000 0.0000
-1.5570 0.0000 -692.5000 0.0000
-1.5180 0.0000 -679.0000 0.0000
-1.5105 0.0000 -672.5000 0.0000
-1.5090 0.0000 -670.5000 0.0000
-1.5015 0.0000 -668.5000 0.0000
-1.4895 0.0000 -665.5000 0.0000
-1.4625 0.0000 -659.0000 0.0000
-1.4385 0.0000 -652.0000 0.0000
-1.4145 0.0000 -645.0000 0.0000
-1.4010 0.0000 -639.5000 0.0000
-1.3905 0.0000 -636.0000 0.0000
-1.3815 0.0000 -632.5000 0.0000
-1.3665 0.0000 -628.5000 0.0000
-1.3575 0.0000 -624.5000 0.0000
-1.3485 0.0000 -621.5000 0.0000
-1.3395 0.0000 -619.0000 0.0000
-1.3305 0.0000 -616.5000 0.0000
-1.3185 0.0000 -613.0000 0.0000
-1.3140 0.0000 -610.0000 0.0000
-1.2960 0.0000 -606.0000 0.0000
-1.2900 0.0000 -603.0000 0.0000
-1.2810 0.0000 -600.5000 0.0000
-1.2765 0.0000 -598.5000 0.0000
-1.2600 0.0000 -593.5000 0.0000
-1.2495 0.0000 -591.0000 0.0000
-1.2405 0.0000 -588.0000 0.0000
-1.2345 0.0000 -585.5000 0.0000
-1.2240 0.0000 -582.0000 0.0000
-1.2135 0.0000 -579.0000 0.0000
-1.2075 0.0000 -576.5000 0.0000
-1.2030 0.0000 -574.0000 0.0000
-1.1895 0.0000 -571.5000 0.0000
-1.1820 0.0000 -568.0000 0.0000
-1.1745 0.0000 -565.5000 0.0000
-1.1655 0.0000 -562.5000 0.0000
-1.1535 0.0000 -559.0000 0.0000
-1.1370 0.0000 -554.0000 0.0000
-1.1265 0.0000 -550.5000 0.0000
-1.1205 0.0000 -547.5000 0.0000
-1.1085 0.0000 -544.0000 0.0000
-1.1055 0.0000 -542.0000 0.0000
-1.0995 0.0000 -540.0000 0.0000
-1.0920 0.0000 -538.0000 0.0000
-1.0830 0.0000 -535.0000 0.0000
-1.0740 0.0000 -532.5000 0.0000
-1.0620 0.0000 -528.0000 0.0000
-1.0575 0.0000 -526.0000 0.0000
-1.0530 0.0000 -524.0000 0.0000
-1.0455 0.0000 -522.0000 0.0000
-1.0410 0.0000 -519.5000 0.0000
-1.0350 0.0000 -518.0000 0.0000
-1.0275 0.0000 -515.5000 0.0000
-1.0185 0.0000 -512.5000 0.0000
-1.0110 0.0000 -510.5000 0.0000
-0.9930 0.0000 -505.5000 0.0000
-0.9810 0.0000 -500.0000 0.0000
-0.9705 0.0000 -496.5000 0.0000
-0.9690 0.0000 -494.5000 0.0000
-0.9645 0.0000 -493.0000 0.0000
-0.9375 0.0000 -486.5000 0.0000
-0.9195 0.0000 -479.5000 0.0000
-0.9120 0.0000 -475.5000 0.0000
-0.9090 0.0000 -473.5000 0.0000
-0.9045 0.0000 -471.5000 0.0000
-0.9000 0.0000 -469.5000 0.0000
-0.8970 0.0000 -468.0000 0.0000
-0.8925 0.0000 -466.0000 0.0000
-0.8790 0.0000 -463.5000 0.0000
-0.8670 0.0000 -458.5000 0.0000
-0.8610 0.0000 -455.5000 0.0000
-0.8490 0.0000 -452.5000 0.0000
-0.8355 0.0000 -447.5000 0.0000
-0.8160 0.0000 -441.5000 0.0000
-0.7995 0.0000 -434.5000 0.0000
-0.7830 0.0000 -428.5000 0.0000
-0.7725 0.0000 -425.0000 0.0000
-0.7560 0.0000 -419.0000 0.0000
-0.7515 0.0000 -415.5000 0.0000
-0.7410 0.0000 -412.0000 0.0000
-0.7275 0.0000 -406.5000 0.0000
-0.7230 0.0000 -404.0000 0.0000
-0.7125 0.0000 -399.0000 0.0000
-0.6960 0.0000 -394.0000 0.0000
-0.6810 0.0000 -388.0000 0.0000
-0.6660 0.0000 -382.5000 0.0000
-0.6435 0.0000 -374.5000 0.0000
-0.6345 0.0000 -369.0000 0.0000
-0.6240 0.0000 -364.5000 0.0000
-0.6150 0.0000 -360.5000 0.0000
-0.6015 0.0000 -356.0000 0.0000
-0.5925 0.0000 -351.5000 0.0000
-0.5835 0.0000 -348.0000 0.0000
-0.5715 0.0000 -343.0000 0.0000
-0.5595 0.0000 -337.5000 0.0000
-0.5475 0.0000 -332.5000 0.0000
-0.5415 0.0000 -329.5000 0.0000
-0.5310 0.0000 -324.5000 0.0000
-0.5235 0.0000 -321.0000 0.0000
-0.5145 0.0000 -317.0000 0.0000
-0.4995 0.0000 -311.5000 0.0000
-0.4935 0.0000 -308.0000 0.0000
-0.4845 0.0000 -303.5000 0.0000
-0.4740 0.0000 -299.0000 0.0000
-0.4650 0.0000 -294.5000 0.0000
-0.4500 0.0000 -288.5000 0.0000
-0.4425 0.0000 -284.0000 0.0000
-0.4290 0.0000 -278.5000 0.0000
-0.4080 0.0000 -270.0000 0.0000
-0.4005 0.0000 -265.0000 0.0000
-0.3945 0.0000 -261.5000 0.0000
-0.3870 0.0000 -258.0000 0.0000
-0.3780 0.0000 -254.0000 0.0000
-0.3735 0.0000 -251.5000 0.0000
-0.3615 0.0000 -246.0000 0.0000
-0.3570 0.0000 -242.5000 0.0000
-0.3450 0.0000 -239.0000 0.0000
-0.3360 0.0000 -234.0000 0.0000
-0.3270 0.0000 -229.0000 0.0000
-0.3165 0.0000 -224.5000 0.0000
-0.3075 0.0000 -221.0000 0.0000
-0.2970 0.0000 -215.0000 0.0000
-0.2835 0.0000 -209.5000 0.0000
-0.2790 0.0000 -205.5000 0.0000
-0.2670 0.0000 -200.5000 0.0000
-0.2625 0.0000 -196.5000 0.0000
-0.2550 0.0000 -193.5000 0.0000
-0.2505 0.0000 -191.0000 0.0000
-0.2430 0.0000 -187.0000 0.0000
-0.2340 0.0000 -183.5000 0.0000
-0.2250 0.0000 -178.5000 0.0000
-0.2100 0.0000 -172.5000 0.0000
-0.2010 0.0000 -167.0000 0.0000
-0.1920 0.0000 -163.0000 0.0000
-0.1890 0.0000 -160.0000 0.0000
-0.1830 0.0000 -157.0000 0.0000
-0.1785 0.0000 -154.0000 0.0000
-0.1755 0.0000 -152.0000 0.0000
-0.1725 0.0000 -151.0000 0.0000
-0.1695 0.0000 -149.5000 0.0000
-0.1680 0.0000 -148.0000 0.0000
-0.1620 0.0000 -146.0000 0.0000
-0.1575 0.0000 -143.5000 0.0000
-0.1500 0.0000 -140.5000 0.0000
-0.1485 0.0000 -138.0000 0.0000
-0.1440 0.0000 -136.5000 0.0000
-0.1410 0.0000 -134.5000 0.0000
-0.1215 0.0000 -128.0000 0.0000
-0.1155 0.0000 -123.5000 0.0000
-0.1095 0.0000 -121.0000 0.0000
-0.1080 0.0000 -119.0000 0.0000
-0.1035 0.0000 -116.5000 0.0000
-0.1005 0.0000 -115.5000 0.0000
-0.0945 0.0000 -112.5000 0.0000
-0.0900 0.0000 -110.5000 0.0000
-0.0810 0.0000 -106.0000 0.0000
-0.0720 0.0000 -101.5000 0.0000
-0.0675 0.0000 -97.5000 0.0000
-0.0540 0.0000 -92.5000 0.0000
-0.0510 0.0000 -90.0000 0.0000
-0.0390 0.0000 -85.0000 0.0000
-0.0345 0.0000 -83.0000 0.0000
-0.0330 0.0000 -81.0000 0.0000
-0.0285 0.0000 -78.0000 0.0000
-0.0240 0.0000 -77.0000 0.0000
-0.0105 0.0000 -71.5000 0.0000
-0.0105 0.0000 -69.5000 0.0000
0.0000 0.0000 -66.5000 0.0000
0.0000 0.0000 -64.5000 0.0000
0.0000 0.0000 -63.5000 0.0000
0.0000 0.0000 -63.5000 0.0000
0.0000 0.0000 -63.0000 0.0000
-0.0015 0.0000 -63.0000 0.0000
0.0015 0.0000 -62.5000 0.0000
0.0000 0.0000 -62.0000 0.0000
0.0000 0.0000 -62.5000 0.0000
0.0000 0.0000 -62.5000 0.0000
0.0000 0.0000 -62.5000 0.0000
0.0015 0.0000 -62.5000 0.0000
0.0000 0.0000 -62.5000 0.0000
0.0000 0.0000 -62.5000 0.0000
-0.0015 0.0000 -62.5000 0.0000
0.0015 0.0000 -62.5000 0.0000
0.0000 0.0000 -62.5000 0.0000
0.0000 0.0000 -62.5000 0.0000
-0.0015 0.0000 -62.0000 0.0000
0.0000 0.0000 -62.5000 0.0000
0.0015 0.0000 -62.5000 0.0000
0.0015 0.0000 -62.0000 0.0000
0.0000 0.0000 -62.5000 0.0000
0.0000 0.0000 -62.5000 0.0000
0.0015 0.0000 -62.5000 0.0000
0.0015 0.0000 -62.5000 0.0000
0.0000 0.0000 -62.0000 0.0000
-0.0015 0.0000 -62.5000 0.0000
0.0000 0.0000 -62.0000 0.0000
-0.0015 0.0000 -62.5000 0.0000
0.0000 0.0000 -62.5000 0.0000
-0.0015 0.0000 -62.5000 0.0000
0.0015 0.0000 -62.0000 0.0000
0.0015 0.0000 -62.0000 0.0000
-0.0015 0.0000 -62.5000 0.0000
0.0015 0.0000 -62.5000 0.0000
-0.0015 0.0000 -62.0000 0.0000
0.0000 0.0000 -62.0000 0.0000
0.0000 0.0000 -62.0000 0.0000
0.0015 0.0000 -62.5000 0.0000
0.0000 0.0000 -62.5000 0.0000
0.0000 0.0000 -62.0000 0.0000
0.0000 0.0000 -62.5000 0.0000
0.0000 0.0000 -62.0000 0.0000
-0.0015 0.0000 -62.0000 0.0000
0.0000 0.0000 -62.5000 0.0000
0.0000 0.0000 -62.5000 0.0000
-0.0015 0.0000 -62.5000 0.0000
-0.0015 0.0000 -62.5000 0.0000
0.0000 0.0000 -62.0000 0.0000
0.0000 0.0000 -62.0000 0.0000
0.0000 0.0000 -62.5000 0.0000
0.0000 0.0000 -62.0000 0.0000
0.0015 0.0000 -62.0000 0.0000
-0.0015 0.0000 -62.0000 0.0000
0.0015 0.0000 -62.0000 0.0000
0.0000 0.0000 -62.5000 0.0000
0.0015 0.0000 -62.5000 0.0000
0.0000 0.0000 -62.0000 0.0000
0.0015 0.0000 -62.5000 0.0000
-0.0015 0.0000 -62.0000 0.0000
0.0015 0.0000 -62.0000 0.0000
0.0000 0.0000 -62.0000 0.0000
-0.0015 0.0000 -62.0000 0.0000
0.0000 0.0000 -62.5000 0.0000
0.0000 0.0000 -62.5000 0.0000
0.0015 0.0000 -62.0000 0.0000
0.0000 0.0000 -62.5000 0.0000
0.0000 0.0000 -62.0000 0.0000
-0.0015 0.0000 -62.5000 0.0000
0.0000 0.0000 -62.0000 0.0000
0.0000 0.0000 -62.0000 0.0000
-0.0015 0.0000 -62.5000 0.0000
0.0000 0.0000 -62.0000 0.0000
0.0000 0.0000 -62.0000 0.0000
0.0015 0.0000 -62.0000 0.0000
0.0015 0.0000 -62.0000 0.0000
0.0000 0.0000 -62.0000 0.0000
0.0000 0.0000 -62.0000 0.0000
-0.0015 0.0000 -62.0000 0.0000
0.0015 0.0000 -62.0000 0.0000
0.0000 0.0000 -62.0000 0.0000
0.0000 0.0000 -62.0000 0.0000
0.0000 0.0000 -62.5000 0.0000
0.0000 0.0000 -62.5000 0.0000
0.0000 0.0000 -62.0000 0.0000
-0.0015 0.0000 -62.5000 0.0000
-0.0015 0.0000 -62.5000 0.0000
0.0015 0.0000 -62.0000 0.0000
0.0015 0.0000 -62.0000 0.0000
0.0015 0.0000 -62.0000 0.0000
0.0000 0.0000 -62.0000 0.0000
0.0015 0.0000 -62.0000 0.0000
0.0015 0.0000 -62.5000 0.0000
0.0015 0.0000 -62.5000 0.0000
0.0015 0.0000 -62.0000 0.0000
0.0000 0.0000 -62.5000 0.0000
0.0000 0.0000 -62.0000 0.0000
0.0000 0.0000 -62.5000 0.0000
0.0000 0.0000 -62.0000 0.0000
0.0000 0.0000 -62.0000 0.0000
-0.0015 0.0000 -62.0000 0.0000
0.0000 0.0000 -62.5000 0.0000
0.0000 0.0000 -62.5000 0.0000
-0.0015 0.0000 -62.5000 0.0000
-0.0015 0.0000 -62.5000 0.0000
0.0000 0.0000 -62.5000 0.0000
-0.0015 0.0000 -62.5000 0.0000
0.0000 0.0000 -62.0000 0.0000
0.0015 0.0000 -62.0000 0.0000
0.0015 0.0000 -62.5000 0.0000
0.0000 0.0000 -62.0000 0.0000
0.0000 0.0000 -62.0000 0.0000
0.0000 0.0000 -62.0000 0.0000
0.0000 0.0000 -62.0000 0.0000
0.0000 0.0000 -62.5000 0.0000
0.0000 0.0000 -62.0000 0.0000
0.0015 0.0000 -62.0000 0.0000
0.0000 0.0000 -62.0000 0.0000
-0.0015 0.0000 -62.5000 0.0000
0.0000 0.0000 -62.5000 0.0000
-0.0015 0.0000 -62.0000 0.0000
0.0000 0.0000 -62.5000 0.0000
0.0015 0.0000 -62.0000 0.0000
-0.0015 0.0000 -62.5000 0.0000
0.0000 0.0000 -62.5000 0.0000
0.0015 0.0000 -62.0000 0.0000
0.0000 0.0000 -62.0000 0.0000
0.0000 0.0000 -62.5000 0.0000
0.0060 0.0000 -61.5000 0.0000
0.0180 0.0000 -58.0000 0.0000
0.0165 0.0000 -57.0000 0.0000
0.0300 0.0000 -52.0000 0.0000
0.0420 0.0000 -45.5000 0.0000
0.0510 0.0000 -40.5000 0.0000
0.0570 0.0000 -37.0000 0.0000
0.0600 0.0000 -34.5000 0.0000
0.0630 0.0000 -33.5000 0.0000
0.0660 0.0000 -31.5000 0.0000
0.0765 0.0000 -27.5000 0.0000
0.0765 0.0000 -25.5000 0.0000
0.0795 0.0000 -25.0000 0.0000
0.0870 0.0000 -23.0000 0.0000
0.0930 0.0000 -20.5000 0.0000
0.0975 0.0000 -17.5000 0.0000
0.0990 0.0000 -15.5000 0.0000
0.1050 0.0000 -13.5000 0.0000
0.1065 0.0000 -11.5000 0.0000
0.1095 0.0000 -10.5000 0.0000
0.1110 0.0000 -9.0000 0.0000
0.1230 0.0000 -5.0000 0.0000
0.1425 0.0000 3.0000 0.0000
0.1500 0.0000 8.0000 0.0000
0.1560 0.0000 11.5000 0.0000
0.1620 0.0000 14.5000 0.0000
0.1695 0.0000 18.0000 0.0000
0.1770 0.0000 22.0000 0.0000
0.1830 0.0000 25.0000 0.0000
0.1950 0.0000 30.0000 0.0000
0.2085 0.0000 36.5000 0.0000
0.2235 0.0000 43.0000 0.0000
0.2325 0.0000 48.0000 0.0000
0.2415 0.0000 52.5000 0.0000
0.2430 0.0000 55.0000 0.0000
0.2460 0.0000 57.5000 0.0000
0.2505 0.0000 59.0000 0.0000
0.2550 0.0000 61.0000 0.0000
0.2625 0.0000 64.0000 0.0000
0.2670 0.0000 66.5000 0.0000
0.2730 0.0000 69.5000 0.0000
0.2790 0.0000 72.0000 0.0000
0.2790 0.0000 73.5000 0.0000
0.2805 0.0000 74.5000 0.0000
0.2820 0.0000 75.5000 0.0000
0.2880 0.0000 77.0000 0.0000
0.2880 0.0000 78.0000 0.0000
0.2925 0.0000 80.0000 0.0000
0.2955 0.0000 82.5000 0.0000
0.3015 0.0000 84.5000 0.0000
0.3090 0.0000 87.5000 0.0000
0.3135 0.0000 90.0000 0.0000
0.3180 0.0000 92.5000 0.0000
0.3210 0.0000 94.0000 0.0000
0.3315 0.0000 97.5000 0.0000
0.3405 0.0000 102.0000 0.0000
0.3480 0.0000 105.0000 0.0000
0.3510 0.0000 108.0000 0.0000
0.3555 0.0000 110.5000 0.0000
0.3675 0.0000 114.5000 0.0000
0.3765 0.0000 118.5000 0.0000
0.3870 0.0000 123.5000 0.0000
0.3975 0.0000 128.5000 0.0000
0.4020 0.0000 132.5000 0.0000
0.4080 0.0000 134.5000 0.0000
0.4140 0.0000 137.5000 0.0000
0.4185 0.0000 139.5000 0.0000
0.4215 0.0000 142.5000 0.0000
0.4275 0.0000 144.5000 0.0000
0.4290 0.0000 146.5000 0.0000
0.4350 0.0000 148.0000 0.0000
0.4380 0.0000 150.0000 0.0000
0.4410 0.0000 152.0000 0.0000
0.4470 0.0000 154.5000 0.0000
0.4485 0.0000 155.5000 0.0000
0.4485 0.0000 156.5000 0.0000
0.4515 0.0000 157.0000 0.0000
0.4560 0.0000 159.0000 0.0000
0.4620 0.0000 161.5000 0.0000
0.4695 0.0000 164.0000 0.0000
0.4725 0.0000 166.5000 0.0000
0.4755 0.0000 168.0000 0.0000
0.4755 0.0000 169.5000 0.0000
0.4815 0.0000 170.5000 0.0000
0.4860 0.0000 173.0000 0.0000
0.4935 0.0000 176.0000 0.0000
0.5085 0.0000 182.0000 0.0000
0.5175 0.0000 186.5000 0.0000
0.5265 0.0000 190.5000 0.0000
0.5340 0.0000 194.5000 0.0000
0.5385 0.0000 197.0000 0.0000
0.5490 0.0000 201.0000 0.0000
0.5580 0.0000 204.5000 0.0000
0.5625 0.0000 208.0000 0.0000
0.5685 0.0000 210.5000 0.0000
0.5730 0.0000 213.5000 0.0000
0.5835 0.0000 217.5000 0.0000
0.5895 0.0000 220.0000 0.0000
0.5895 0.0000 222.0000 0.0000
0.5925 0.0000 223.5000 0.0000
0.5955 0.0000 225.0000 0.0000
0.6015 0.0000 227.0000 0.0000
0.6075 0.0000 229.5000 0.0000
0.6135 0.0000 233.0000 0.0000
0.6225 0.0000 236.0000 0.0000
0.6285 0.0000 239.5000 0.0000
0.6390 0.0000 243.0000 0.0000
0.6465 0.0000 246.5000 0.0000
0.6540 0.0000 250.5000 0.0000
0.6615 0.0000 254.0000 0.0000
0.6660 0.0000 256.5000 0.0000
0.6705 0.0000 258.5000 0.0000
0.6750 0.0000 261.0000 0.0000
0.6840 0.0000 264.5000 0.0000
0.6900 0.0000 267.5000 0.0000
0.6945 0.0000 270.0000 0.0000
0.7035 0.0000 273.0000 0.0000
0.7125 0.0000 276.5000 0.0000
0.7185 0.0000 280.0000 0.0000
0.7275 0.0000 284.0000 0.0000
0.7335 0.0000 287.0000 0.0000
0.7395 0.0000 289.5000 0.0000
0.7470 0.0000 292.5000 0.0000
0.7545 0.0000 296.0000 0.0000
0.7575 0.0000 298.5000 0.0000
0.7650 0.0000 301.5000 0.0000
0.7725 0.0000 305.0000 0.0000
0.7845 0.0000 308.5000 0.0000
0.7920 0.0000 312.0000 0.0000
0.7980 0.0000 315.5000 0.0000
0.8055 0.0000 318.5000 0.0000
0.8130 0.0000 321.5000 0.0000
0.8175 0.0000 324.5000 0.0000
0.8265 0.0000 328.5000 0.0000
0.8370 0.0000 332.0000 0.0000
0.8385 0.0000 334.0000 0.0000
0.8415 0.0000 335.5000 0.0000
0.8415 0.0000 336.5000 0.0000
0.8475 0.0000 338.5000 0.0000
0.8535 0.0000 340.5000 0.0000
0.8595 0.0000 343.0000 0.0000
0.8625 0.0000 345.0000 0.0000
0.8685 0.0000 347.0000 0.0000
0.8730 0.0000 349.5000 0.0000
0.8940 0.0000 354.5000 0.0000
0.9045 0.0000 360.0000 0.0000
0.9090 0.0000 363.5000 0.0000
0.9105 0.0000 365.5000 0.0000
0.9150 0.0000 367.5000 0.0000
0.9210 0.0000 369.5000 0.0000
0.9315 0.0000 373.5000 0.0000
0.9375 0.0000 376.5000 0.0000
0.9435 0.0000 379.0000 0.0000
0.9450 0.0000 380.5000 0.0000
0.9495 0.0000 382.5000 0.0000
0.9585 0.0000 385.0000 0.0000
0.9675 0.0000 389.0000 0.0000
0.9720 0.0000 391.5000 0.0000
0.9735 0.0000 393.0000 0.0000
0.9780 0.0000 394.0000 0.0000
0.9825 0.0000 396.0000 0.0000
0.9915 0.0000 399.0000 0.0000
0.9990 0.0000 402.0000 0.0000
1.0035 0.0000 404.0000 0.0000
1.0095 0.0000 407.0000 0.0000
1.0185 0.0000 410.0000 0.0000
1.0290 0.0000 414.0000 0.0000
1.0350 0.0000 417.0000 0.0000
1.0425 0.0000 420.5000 0.0000
1.0470 0.0000 422.0000 0.0000
1.0515 0.0000 424.5000 0.0000
1.0605 0.0000 427.5000 0.0000
1.0665 0.0000 430.5000 0.0000
1.0725 0.0000 432.5000 0.0000
1.0755 0.0000 434.0000 0.0000
1.0785 0.0000 435.5000 0.0000
1.0830 0.0000 437.5000 0.0000
1.0875 0.0000 439.0000 0.0000
1.0935 0.0000 442.0000 0.0000
1.0995 0.0000 444.0000 0.0000
1.1055 0.0000 446.5000 0.0000
1.1100 0.0000 448.5000 0.0000
1.1175 0.0000 450.5000 0.0000
1.1265 0.0000 454.0000 0.0000
1.1310 0.0000 456.5000 0.0000
1.1385 0.0000 459.5000 0.0000
1.1430 0.0000 461.5000 0.0000
1.1535 0.0000 464.5000 0.0000
1.1625 0.0000 468.0000 0.0000
1.1700 0.0000 471.0000 0.0000
1.1790 0.0000 473.5000 0.0000
1.1790 0.0000 475.5000 0.0000
1.1850 0.0000 478.0000 0.0000
1.1910 0.0000 480.0000 0.0000
1.1985 0.0000 482.5000 0.0000
1.2045 0.0000 485.0000 0.0000
1.2060 0.0000 487.0000 0.0000
1.2135 0.0000 488.5000 0.0000
1.2195 0.0000 491.5000 0.0000
1.2240 0.0000 493.0000 0.0000
1.2300 0.0000 495.0000 0.0000
1.2345 0.0000 497.5000 0.0000
1.2435 0.0000 500.5000 0.0000
1.2525 0.0000 503.0000 0.0000
1.2555 0.0000 504.5000 0.0000
1.2600 0.0000 506.5000 0.0000
1.2615 0.0000 507.5000 0.0000
1.2645 0.0000 509.0000 0.0000
1.2720 0.0000 511.5000 0.0000
1.2840 0.0000 514.5000 0.0000
1.2870 0.0000 516.5000 0.0000
1.2900 0.0000 518.0000 0.0000
1.2960 0.0000 520.0000 0.0000
1.3005 0.0000 521.5000 0.0000
1.3020 0.0000 523.0000 0.0000
1.3095 0.0000 524.5000 0.0000
1.3140 0.0000 527.0000 0.0000
1.3185 0.0000 529.5000 0.0000
1.3200 0.0000 530.5000 0.0000
1.3230 0.0000 531.0000 0.0000
1.3275 0.0000 532.5000 0.0000
1.3320 0.0000 534.0000 0.0000
1.3365 0.0000 535.5000 0.0000
1.3395 0.0000 536.5000 0.0000
1.3425 0.0000 538.0000 0.0000
1.3470 0.0000 539.5000 0.0000
1.3545 0.0000 542.0000 0.0000
1.3620 0.0000 544.5000 0.0000
1.3725 0.0000 547.0000 0.0000
1.3800 0.0000 550.0000 0.0000
1.3845 0.0000 553.0000 0.0000
1.3890 0.0000 554.5000 0.0000
1.3965 0.0000 556.5000 0.0000
1.4010 0.0000 558.5000 0.0000
1.4055 0.0000 560.0000 0.0000
1.4085 0.0000 561.5000 0.0000
1.4130 0.0000 562.5000 0.0000
1.4205 0.0000 564.5000 0.0000
1.4250 0.0000 566.5000 0.0000
1.4280 0.0000 568.5000 0.0000
1.4325 0.0000 570.0000 0.0000
1.4400 0.0000 572.0000 0.0000
1.4475 0.0000 574.5000 0.0000
1.4535 0.0000 576.0000 0.0000
1.4580 0.0000 578.5000 0.0000
1.4655 0.0000 581.0000 0.0000
1.4715 0.0000 583.0000 0.0000
1.4865 0.0000 587.0000 0.0000
1.4970 0.0000 591.0000 0.0000
1.5060 0.0000 594.0000 0.0000
1.5150 0.0000 597.5000 0.0000
1.5240 0.0000 600.5000 0.0000
1.5315 0.0000 603.0000 0.0000
1.5390 0.0000 606.0000 0.0000
1.5525 0.0000 609.0000 0.0000
1.5690 0.0000 614.0000 0.0000
1.5810 0.0000 618.5000 0.0000
1.5900 0.0000 622.0000 0.0000
1.5990 0.0000 625.5000 0.0000
1.6065 0.0000 628.0000 0.0000
1.6125 0.0000 630.0000 0.0000
1.6275 0.0000 634.5000 0.0000
1.6320 0.0000 636.5000 0.0000
1.6395 0.0000 639.0000 0.0000
1.6440 0.0000 640.5000 0.0000
1.6485 0.0000 642.5000 0.0000
1.6530 0.0000 644.0000 0.0000
1.6590 0.0000 646.0000 0.0000
1.6620 0.0000 647.0000 0.0000
1.6665 0.0000 648.5000 0.0000
1.6725 0.0000 650.0000 0.0000
1.6755 0.0000 651.5000 0.0000
1.6800 0.0000 653.0000 0.0000
1.6875 0.0000 655.0000 0.0000
1.6935 0.0000 657.0000 0.0000
1.7040 0.0000 660.0000 0.0000
1.7070 0.0000 661.5000 0.0000
1.7220 0.0000 664.5000 0.0000
1.7220 0.0000 666.5000 0.0000
1.7235 0.0000 667.0000 0.0000
1.7280 0.0000 667.5000 0.0000
1.7355 0.0000 670.0000 0.0000
1.7490 0.0000 673.0000 0.0000
1.7610 0.0000 676.5000 0.0000
1.7835 0.0000 682.5000 0.0000
1.7970 0.0000 687.5000 0.0000
1.8135 0.0000 692.0000 0.0000
1.8225 0.0000 696.0000 0.0000
1.8300 0.0000 699.0000 0.0000
1.8405 0.0000 701.5000 0.0000
1.8525 0.0000 704.5000 0.0000
1.8615 0.0000 707.5000 0.0000
1.8690 0.0000 710.5000 0.0000
1.8765 0.0000 713.0000 0.0000
1.8810 0.0000 714.5000 0.0000
1.8840 0.0000 716.0000 0.0000
1.8885 0.0000 717.5000 0.0000
1.8960 0.0000 719.0000 0.0000
1.9140 0.0000 723.0000 0.0000
1.9305 0.0000 727.5000 0.0000
1.9410 0.0000 731.0000 0.0000
1.9425 0.0000 733.0000 0.0000
1.9485 0.0000 734.5000 0.0000
1.9515 0.0000 736.0000 0.0000
1.9560 0.0000 736.5000 0.0000
1.9560 0.0000 737.5000 0.0000
1.9605 0.0000 738.0000 0.0000
1.9650 0.0000 739.5000 0.0000
1.9680 0.0000 740.5000 0.0000
1.9695 0.0000 741.5000 0.0000
1.9740 0.0000 743.0000 0.0000
1.9860 0.0000 745.0000 0.0000
1.9950 0.0000 747.5000 0.0000
2.0070 0.0000 750.5000 0.0000
2.0175 0.0000 753.5000 0.0000
2.0250 0.0000 755.5000 0.0000
2.0250 0.0000 756.5000 0.0000
2.0250 0.0000 757.5000 0.0000
2.0280 0.0000 758.0000 0.0000
2.0400 0.0000 760.0000 0.0000
2.0505 0.0000 762.5000 0.0000
2.0625 0.0000 766.0000 0.0000
2.0715 0.0000 768.5000 0.0000
2.0775 0.0000 770.5000 0.0000
2.0865 0.0000 772.5000 0.0000
2.0925 0.0000 774.5000 0.0000
2.1030 0.0000 777.0000 0.0000
2.1120 0.0000 780.0000 0.0000
2.1225 0.0000 782.5000 0.0000
2.1360 0.0000 785.5000 0.0000
2.1450 0.0000 788.5000 0.0000
2.1510 0.0000 790.5000 0.0000
2.1540 0.0000 792.0000 0.0000
2.1660 0.0000 794.0000 0.0000
2.1720 0.0000 796.5000 0.0000
2.1825 0.0000 799.0000 0.0000
2.1840 0.0000 800.0000 0.0000
2.1870 0.0000 801.0000 0.0000
2.1975 0.0000 803.0000 0.0000
2.1990 0.0000 804.0000 0.0000
2.2065 0.0000 805.0000 0.0000
2.2140 0.0000 807.0000 0.0000
2.2230 0.0000 809.0000 0.0000
2.2305 0.0000 811.0000 0.0000
2.2365 0.0000 813.0000 0.0000
2.2455 0.0000 815.5000 0.0000
2.2500 0.0000 817.0000 0.0000
2.2560 0.0000 818.5000 0.0000
2.2635 0.0000 820.0000 0.0000
2.2710 0.0000 821.5000 0.0000
2.2950 0.0000 826.0000 0.0000
2.3040 0.0000 829.5000 0.0000
2.3055 0.0000 830.5000 0.0000
2.3085 0.0000 831.5000 0.0000
2.3115 0.0000 832.5000 0.0000
2.3205 0.0000 834.0000 0.0000
2.3340 0.0000 836.5000 0.0000
2.3430 0.0000 839.0000 0.0000
2.3640 0.0000 843.0000 0.0000
2.3745 0.0000 846.5000 0.0000
2.3835 0.0000 849.0000 0.0000
2.3820 0.0000 849.5000 0.0000
2.3820 0.0000 850.0000 0.0000
2.3835 0.0000 850.5000 0.0000
2.3865 0.0000 850.5000 0.0000
2.3925 0.0000 851.5000 0.0000
2.4060 0.0000 854.0000 0.0000
2.4225 0.0000 857.5000 0.0000
2.4315 0.0000 860.0000 0.0000
2.4375 0.0000 862.0000 0.0000
2.4555 0.0000 864.5000 0.0000
2.4795 0.0000 870.0000 0.0000
2.4915 0.0000 873.5000 0.0000
2.5065 0.0000 876.5000 0.0000
2.5260 0.0000 880.5000 0.0000
2.5440 0.0000 884.5000 0.0000
2.5545 0.0000 887.5000 0.0000
2.5740 0.0000 891.0000 0.0000
2.5980 0.0000 895.5000 0.0000
2.6145 0.0000 899.5000 0.0000
2.6325 0.0000 903.5000 0.0000
2.6505 0.0000 907.5000 0.0000
2.6715 0.0000 911.0000 0.0000
2.6880 0.0000 914.5000 0.0000
2.7120 0.0000 919.0000 0.0000
2.7285 0.0000 922.5000 0.0000
2.7450 0.0000 926.0000 0.0000
2.7675 0.0000 930.0000 0.0000
2.7945 0.0000 934.5000 0.0000
2.8050 0.0000 937.5000 0.0000
2.8140 0.0000 939.5000 0.0000
2.8320 0.0000 942.0000 0.0000
2.8500 0.0000 946.0000 0.0000
2.8620 0.0000 948.0000 0.0000
2.8680 0.0000 949.5000 0.0000
2.8755 0.0000 950.5000 0.0000
2.8845 0.0000 952.0000 0.0000
2.8965 0.0000 954.0000 0.0000
2.9115 0.0000 956.5000 0.0000
2.9190 0.0000 958.0000 0.0000
2.9325 0.0000 960.0000 0.0000
2.9370 0.0000 961.0000 0.0000
2.9370 0.0000 961.5000 0.0000
2.9385 0.0000 962.0000 0.0000
2.9400 0.0000 962.0000 0.0000
2.9385 0.0000 962.0000 0.0000
2.9400 0.0000 962.0000 0.0000
2.9385 0.0000 962.0000 0.0000
2.9385 0.0000 962.0000 0.0000
2.9385 0.0000 962.0000 0.0000
2.9385 0.0000 962.0000 0.0000
2.9385 0.0000 962.0000 0.0000
2.9355 0.0000 962.0000 0.0000
2.9370 0.0000 962.0000 0.0000
2.9385 0.0000 962.0000 0.0000
2.9370 0.0000 962.0000 0.0000
2.9385 0.0000 962.0000 0.0000
2.9355 0.0000 962.0000 0.0000
2.9355 0.0000 962.0000 0.0000
2.9370 0.0000 962.0000 0.0000
2.9370 0.0000 962.0000 0.0000
2.9370 0.0000 962.0000 0.0000
2.9355 0.0000 962.0000 0.0000
2.9370 0.0000 962.0000 0.0000
2.9370 0.0000 961.5000 0.0000
2.9370 0.0000 961.5000 0.0000
2.9355 0.0000 962.0000 0.0000
2.9355 0.0000 962.0000 0.0000
2.9355 0.0000 961.5000 0.0000
2.9355 0.0000 961.5000 0.0000
2.9370 0.0000 961.5000 0.0000
2.9370 0.0000 962.0000 0.0000
2.9370 0.0000 962.0000 0.0000
2.9355 0.0000 961.5000 0.0000
2.9370 0.0000 962.0000 0.0000
2.9340 0.0000 961.5000 0.0000
2.9355 0.0000 962.0000 0.0000
2.9385 0.0000 962.0000 0.0000
2.9370 0.0000 961.5000 0.0000
2.9370 0.0000 961.5000 0.0000
2.9370 0.0000 962.0000 0.0000
2.9370 0.0000 961.5000 0.0000
2.9370 0.0000 962.0000 0.0000
2.9370 0.0000 962.0000 0.0000
2.9340 0.0000 961.5000 0.0000
2.9340 0.0000 961.5000 0.0000
2.9355 0.0000 961.5000 0.0000
2.9355 0.0000 961.5000 0.0000
2.9340 0.0000 962.0000 0.0000
2.9340 0.0000 961.5000 0.0000
2.9355 0.0000 961.5000 0.0000
2.9370 0.0000 962.0000 0.0000
2.9370 0.0000 962.0000 0.0000
2.9355 0.0000 962.0000 0.0000
2.9355 0.0000 962.0000 0.0000
2.9355 0.0000 961.5000 0.0000
2.9370 0.0000 962.0000 0.0000
2.9355 0.0000 962.0000 0.0000
2.9355 0.0000 961.5000 0.0000
2.9355 0.0000 962.0000 0.0000
2.9340 0.0000 962.0000 0.0000
2.9340 0.0000 962.0000 0.0000
2.9355 0.0000 962.0000 0.0000
2.9340 0.0000 961.5000 0.0000
2.9340 0.0000 962.0000 0.0000
2.9355 0.0000 961.5000 0.0000
2.9370 0.0000 961.5000 0.0000
2.9355 0.0000 962.0000 0.0000
2.9340 0.0000 962.0000 0.0000
2.9340 0.0000 961.5000 0.0000
2.9340 0.0000 961.5000 0.0000
2.9355 0.0000 962.0000 0.0000
2.9355 0.0000 961.5000 0.0000
2.9355 0.0000 962.0000 0.0000
2.9340 0.0000 962.0000 0.0000
2.9340 0.0000 961.5000 0.0000
2.9340 0.0000 961.5000 0.0000
2.9355 0.0000 962.0000 0.0000
2.9340 0.0000 961.5000 0.0000
2.9340 0.0000 961.5000 0.0000
2.9355 0.0000 961.5000 0.0000
2.9340 0.0000 961.5000 0.0000
2.9310 0.0000 961.5000 0.0000
2.9310 0.0000 961.5000 0.0000
2.9295 0.0000 961.0000 0.0000
2.9295 0.0000 961.5000 0.0000
2.9250 0.0000 961.0000 0.0000
2.9235 0.0000 961.0000 0.0000
2.9220 0.0000 960.5000 0.0000
2.9205 0.0000 960.5000 0.0000
2.9190 0.0000 960.5000 0.0000
2.9175 0.0000 960.5000 0.0000
2.9175 0.0000 960.0000 0.0000
2.9160 0.0000 960.0000 0.0000
2.9130 0.0000 960.5000 0.0000
2.9100 0.0000 959.5000 0.0000
2.9040 0.0000 959.5000 0.0000
2.9025 0.0000 959.5000 0.0000
2.9010 0.0000 959.0000 0.0000
2.8995 0.0000 959.0000 0.0000
2.8995 0.0000 959.0000 0.0000
2.8980 0.0000 959.0000 0.0000
2.8965 0.0000 959.0000 0.0000
2.8980 0.0000 959.0000 0.0000
2.8965 0.0000 958.5000 0.0000
2.8935 0.0000 958.5000 0.0000
2.8935 0.0000 958.5000 0.0000
2.8935 0.0000 958.5000 0.0000
2.8935 0.0000 958.5000 0.0000
2.8905 0.0000 958.5000 0.0000
2.8905 0.0000 958.5000 0.0000
2.8890 0.0000 958.5000 0.0000
2.8905 0.0000 958.0000 0.0000
2.8875 0.0000 958.0000 0.0000
2.8860 0.0000 958.0000 0.0000
2.8845 0.0000 957.5000 0.0000
2.8785 0.0000 957.0000 0.0000
2.8710 0.0000 957.0000 0.0000
2.8710 0.0000 956.5000 0.0000
2.8680 0.0000 956.5000 0.0000
2.8650 0.0000 956.5000 0.0000
2.8650 0.0000 956.0000 0.0000
2.8650 0.0000 956.0000 0.0000
2.8620 0.0000 956.0000 0.0000
2.8620 0.0000 955.5000 0.0000
2.8590 0.0000 956.0000 0.0000
2.8560 0.0000 955.5000 0.0000
2.8545 0.0000 955.0000 0.0000
2.8515 0.0000 955.0000 0.0000
2.8500 0.0000 954.5000 0.0000
2.8485 0.0000 954.5000 0.0000
2.8425 0.0000 954.0000 0.0000
2.8410 0.0000 954.0000 0.0000
2.8380 0.0000 953.5000 0.0000
2.8320 0.0000 953.5000 0.0000
2.8290 0.0000 952.5000 0.0000
2.8230 0.0000 952.0000 0.0000
2.8215 0.0000 952.0000 0.0000
2.8185 0.0000 951.5000 0.0000
2.8170 0.0000 951.5000 0.0000
2.8155 0.0000 951.5000 0.0000
2.8155 0.0000 951.5000 0.0000
2.8095 0.0000 951.0000 0.0000
2.8080 0.0000 950.5000 0.0000
2.8005 0.0000 949.5000 0.0000
2.7900 0.0000 948.5000 0.0000
2.7795 0.0000 948.0000 0.0000
2.7750 0.0000 947.0000 0.0000
2.7705 0.0000 946.5000 0.0000
2.7660 0.0000 946.0000 0.0000
2.7630 0.0000 945.5000 0.0000
2.7570 0.0000 945.5000 0.0000
2.7540 0.0000 945.0000 0.0000
2.7465 0.0000 944.0000 0.0000
2.7375 0.0000 943.0000 0.0000
2.7330 0.0000 942.5000 0.0000
2.7255 0.0000 942.0000 0.0000
2.7180 0.0000 941.0000 0.0000
2.7120 0.0000 940.5000 0.0000
2.7045 0.0000 939.5000 0.0000
2.7000 0.0000 939.0000 0.0000
2.6985 0.0000 938.5000 0.0000
2.6940 0.0000 938.0000 0.0000
2.6865 0.0000 937.5000 0.0000
2.6820 0.0000 937.0000 0.0000
2.6775 0.0000 936.5000 0.0000
2.6715 0.0000 935.5000 0.0000
2.6625 0.0000 934.5000 0.0000
2.6490 0.0000 933.0000 0.0000
2.6370 0.0000 931.5000 0.0000
2.6310 0.0000 930.5000 0.0000
2.6220 0.0000 929.5000 0.0000
2.6145 0.0000 928.5000 0.0000
2.6070 0.0000 927.5000 0.0000
2.5995 0.0000 926.5000 0.0000
2.5935 0.0000 925.5000 0.0000
2.5920 0.0000 925.0000 0.0000
2.5845 0.0000 924.5000 0.0000
2.5770 0.0000 923.5000 0.0000
2.5695 0.0000 922.0000 0.0000
2.5620 0.0000 921.5000 0.0000
2.5560 0.0000 920.5000 0.0000
2.5545 0.0000 920.0000 0.0000
2.5545 0.0000 919.5000 0.0000
2.5470 0.0000 919.0000 0.0000
2.5425 0.0000 918.5000 0.0000
2.5380 0.0000 917.5000 0.0000
2.5335 0.0000 917.0000 0.0000
2.5290 0.0000 916.0000 0.0000
2.5260 0.0000 915.5000 0.0000
2.5200 0.0000 915.0000 0.0000
2.5170 0.0000 914.5000 0.0000
2.5095 0.0000 913.5000 0.0000
2.5020 0.0000 912.5000 0.0000
2.4900 0.0000 910.5000 0.0000
2.4840 0.0000 909.5000 0.0000
2.4750 0.0000 908.5000 0.0000
2.4705 0.0000 907.5000 0.0000
2.4645 0.0000 907.0000 0.0000
2.4615 0.0000 906.0000 0.0000
2.4555 0.0000 905.0000 0.0000
2.4435 0.0000 903.5000 0.0000
2.4360 0.0000 902.0000 0.0000
2.4285 0.0000 901.0000 0.0000
2.4270 0.0000 900.5000 0.0000
2.4195 0.0000 899.5000 0.0000
2.4135 0.0000 898.5000 0.0000
2.4120 0.0000 897.5000 0.0000
2.4075 0.0000 897.0000 0.0000
2.4060 0.0000 896.5000 0.0000
2.4045 0.0000 896.5000 0.0000
2.4045 0.0000 896.0000 0.0000
2.3970 0.0000 895.5000 0.0000
2.3880 0.0000 894.0000 0.0000
2.3775 0.0000 892.5000 0.0000
2.3655 0.0000 890.5000 0.0000
2.3595 0.0000 889.0000 0.0000
2.3535 0.0000 888.0000 0.0000
2.3520 0.0000 887.5000 0.0000
2.3520 0.0000 887.0000 0.0000
2.3520 0.0000 887.0000 0.0000
2.3490 0.0000 887.0000 0.0000
2.3460 0.0000 886.0000 0.0000
2.3415 0.0000 885.5000 0.0000
2.3400 0.0000 885.0000 0.0000
2.3340 0.0000 884.5000 0.0000
2.3280 0.0000 883.5000 0.0000
2.3145 0.0000 881.5000 0.0000
2.3115 0.0000 880.0000 0.0000
2.3070 0.0000 879.0000 0.0000
2.2980 0.0000 878.0000 0.0000
2.2830 0.0000 876.0000 0.0000
2.2620 0.0000 872.0000 0.0000
2.2545 0.0000 869.5000 0.0000
2.2530 0.0000 868.5000 0.0000
2.2515 0.0000 868.5000 0.0000
2.2485 0.0000 868.0000 0.0000
2.2410 0.0000 866.5000 0.0000
2.2395 0.0000 866.5000 0.0000
2.2365 0.0000 865.5000 0.0000
2.2335 0.0000 864.5000 0.0000
2.2290 0.0000 864.0000 0.0000
2.2275 0.0000 863.5000 0.0000
2.2245 0.0000 863.0000 0.0000
2.2170 0.0000 862.0000 0.0000
2.2110 0.0000 861.0000 0.0000
2.2050 0.0000 859.5000 0.0000
2.1915 0.0000 857.5000 0.0000
2.1885 0.0000 856.0000 0.0000
2.1840 0.0000 855.0000 0.0000
2.1825 0.0000 854.5000 0.0000
2.1825 0.0000 854.0000 0.0000
2.1735 0.0000 853.0000 0.0000
2.1720 0.0000 852.5000 0.0000
2.1660 0.0000 851.0000 0.0000
2.1525 0.0000 849.0000 0.0000
2.1525 0.0000 848.0000 0.0000
2.1465 0.0000 847.0000 0.0000
2.1405 0.0000 846.0000 0.0000
2.1330 0.0000 844.5000 0.0000
2.1285 0.0000 843.0000 0.0000
2.1255 0.0000 842.0000 0.0000
2.1210 0.0000 841.5000 0.0000
2.1210 0.0000 841.0000 0.0000
2.1165 0.0000 840.0000 0.0000
2.1075 0.0000 839.5000 0.0000
2.0895 0.0000 836.0000 0.0000
2.0805 0.0000 833.0000 0.0000
2.0715 0.0000 831.0000 0.0000
2.0625 0.0000 828.5000 0.0000
2.0550 0.0000 827.0000 0.0000
2.0475 0.0000 825.5000 0.0000
2.0460 0.0000 824.5000 0.0000
2.0415 0.0000 823.5000 0.0000
2.0400 0.0000 822.5000 0.0000
2.0370 0.0000 822.0000 0.0000
2.0325 0.0000 821.5000 0.0000
2.0235 0.0000 819.5000 0.0000
2.0130 0.0000 817.5000 0.0000
2.0055 0.0000 816.0000 0.0000
2.0010 0.0000 814.0000 0.0000
1.9980 0.0000 813.0000 0.0000
1.9920 0.0000 812.0000 0.0000
1.9890 0.0000 811.5000 0.0000
1.9860 0.0000 810.5000 0.0000
1.9860 0.0000 810.0000 0.0000
1.9740 0.0000 808.0000 0.0000
1.9740 0.0000 807.0000 0.0000
1.9725 0.0000 807.0000 0.0000
1.9740 0.0000 806.5000 0.0000
1.9650 0.0000 805.5000 0.0000
1.9590 0.0000 804.0000 0.0000
1.9500 0.0000 802.0000 0.0000
1.9260 0.0000 798.0000 0.0000
1.9110 0.0000 794.0000 0.0000
1.8840 0.0000 788.0000 0.0000
1.8660 0.0000 782.5000 0.0000
1.8540 0.0000 778.5000 0.0000
1.8390 0.0000 775.0000 0.0000
1.8330 0.0000 772.5000 0.0000
1.8225 0.0000 770.0000 0.0000
1.8165 0.0000 768.0000 0.0000
1.8135 0.0000 766.5000 0.0000
1.8045 0.0000 765.0000 0.0000
1.8000 0.0000 763.0000 0.0000
1.7970 0.0000 762.0000 0.0000
1.7925 0.0000 760.5000 0.0000
1.7895 0.0000 760.0000 0.0000
1.7865 0.0000 759.5000 0.0000
1.7865 0.0000 759.0000 0.0000
1.7835 0.0000 758.5000 0.0000
1.7730 0.0000 756.5000 0.0000
1.7715 0.0000 755.5000 0.0000
1.7685 0.0000 754.5000 0.0000
1.7640 0.0000 753.5000 0.0000
1.7595 0.0000 752.0000 0.0000
1.7565 0.0000 751.0000 0.0000
1.7550 0.0000 750.5000 0.0000
1.7580 0.0000 750.5000 0.0000
1.7550 0.0000 750.0000 0.0000
1.7505 0.0000 749.5000 0.0000
1.7475 0.0000 749.0000 0.0000
1.7505 0.0000 748.5000 0.0000
1.7475 0.0000 748.5000 0.0000
1.7460 0.0000 748.0000 0.0000
1.7460 0.0000 747.5000 0.0000
1.7445 0.0000 747.5000 0.0000
1.7460 0.0000 747.0000 0.0000
1.7385 0.0000 746.5000 0.0000
1.7175 0.0000 742.5000 0.0000
1.6935 0.0000 737.0000 0.0000
1.6770 0.0000 731.5000 0.0000
1.6635 0.0000 727.0000 0.0000
1.6575 0.0000 724.5000 0.0000
1.6500 0.0000 722.0000 0.0000
1.6335 0.0000 718.5000 0.0000
1.6245 0.0000 715.5000 0.0000
1.6140 0.0000 712.5000 0.0000
1.6095 0.0000 710.5000 0.0000
1.6065 0.0000 710.0000 0.0000
1.6050 0.0000 708.5000 0.0000
1.5960 0.0000 706.5000 0.0000
1.5885 0.0000 704.5000 0.0000
1.5765 0.0000 702.0000 0.0000
1.5765 0.0000 700.5000 0.0000
1.5750 0.0000 700.0000 0.0000
1.5750 0.0000 699.5000 0.0000
1.5600 0.0000 697.0000 0.0000
1.5525 0.0000 694.0000 0.0000
1.5495 0.0000 692.5000 0.0000
1.5450 0.0000 691.5000 0.0000
1.5390 0.0000 690.0000 0.0000
1.5360 0.0000 689.0000 0.0000
1.5300 0.0000 687.0000 0.0000
1.5255 0.0000 685.0000 0.0000
1.5195 0.0000 684.0000 0.0000
1.5150 0.0000 682.5000 0.0000
1.5075 0.0000 680.5000 0.0000
1.4985 0.0000 678.5000 0.0000
1.4970 0.0000 677.5000 0.0000
1.4895 0.0000 675.0000 0.0000
1.4790 0.0000 672.5000 0.0000
1.4700 0.0000 670.0000 0.0000
1.4655 0.0000 667.5000 0.0000
1.4610 0.0000 666.0000 0.0000
1.4535 0.0000 664.0000 0.0000
1.4520 0.0000 663.5000 0.0000
1.4520 0.0000 662.5000 0.0000
1.4490 0.0000 662.0000 0.0000
1.4490 0.0000 661.5000 0.0000
1.4475 0.0000 661.0000 0.0000
1.4385 0.0000 660.0000 0.0000
1.4310 0.0000 658.0000 0.0000
1.4265 0.0000 656.0000 0.0000
1.4205 0.0000 653.5000 0.0000
1.4130 0.0000 652.0000 0.0000
1.4040 0.0000 649.5000 0.0000
1.4010 0.0000 647.5000 0.0000
1.3950 0.0000 646.0000 0.0000
1.3875 0.0000 644.5000 0.0000
1.3815 0.0000 642.5000 0.0000
1.3725 0.0000 640.0000 0.0000
1.3650 0.0000 637.0000 0.0000
1.3605 0.0000 635.0000 0.0000
1.3560 0.0000 634.0000 0.0000
1.3515 0.0000 632.5000 0.0000
1.3440 0.0000 630.5000 0.0000
1.3425 0.0000 629.0000 0.0000
1.3335 0.0000 627.0000 0.0000
1.3245 0.0000 624.5000 0.0000
1.3245 0.0000 623.5000 0.0000
1.3200 0.0000 622.0000 0.0000
1.3170 0.0000 621.0000 0.0000
1.3155 0.0000 620.5000 0.0000
1.3110 0.0000 619.0000 0.0000
1.3050 0.0000 617.5000 0.0000
1.3005 0.0000 616.0000 0.0000
1.2975 0.0000 614.5000 0.0000
1.2975 0.0000 614.0000 0.0000
1.2930 0.0000 613.5000 0.0000
1.2900 0.0000 612.0000 0.0000
1.2840 0.0000 610.0000 0.0000
1.2675 0.0000 607.0000 0.0000
1.2615 0.0000 603.5000 0.0000
1.2600 0.0000 602.5000 0.0000
1.2570 0.0000 601.5000 0.0000
1.2540 0.0000 601.0000 0.0000
1.2495 0.0000 599.5000 0.0000
1.2390 0.0000 597.0000 0.0000
1.2345 0.0000 595.0000 0.0000
1.2270 0.0000 593.0000 0.0000
1.2240 0.0000 591.5000 0.0000
1.2180 0.0000 589.5000 0.0000
1.2165 0.0000 588.5000 0.0000
1.2135 0.0000 587.0000 0.0000
1.2045 0.0000 586.0000 0.0000
1.1985 0.0000 583.5000 0.0000
1.1925 0.0000 581.0000 0.0000
1.1895 0.0000 579.5000 0.0000
1.1850 0.0000 579.0000 0.0000
1.1835 0.0000 577.5000 0.0000
1.1790 0.0000 576.5000 0.0000
1.1460 0.0000 569.0000 0.0000
1.1250 0.0000 561.0000 0.0000
1.1085 0.0000 555.5000 0.0000
1.1040 0.0000 552.0000 0.0000
1.0980 0.0000 550.0000 0.0000
1.0965 0.0000 548.5000 0.0000
1.0890 0.0000 546.5000 0.0000
1.0845 0.0000 544.5000 0.0000
1.0770 0.0000 543.0000 0.0000
1.0740 0.0000 541.0000 0.0000
1.0635 0.0000 538.5000 0.0000
1.0590 0.0000 536.5000 0.0000
1.0545 0.0000 534.5000 0.0000
1.0455 0.0000 532.0000 0.0000
1.0335 0.0000 528.0000 0.0000
1.0230 0.0000 524.0000 0.0000
1.0170 0.0000 521.5000 0.0000
1.0050 0.0000 518.5000 0.0000
1.0005 0.0000 515.5000 0.0000
0.9930 0.0000 513.0000 0.0000
0.9870 0.0000 511.5000 0.0000
0.9825 0.0000 509.0000 0.0000
0.9810 0.0000 508.0000 0.0000
0.9795 0.0000 507.0000 0.0000
0.9765 0.0000 506.0000 0.0000
0.9735 0.0000 505.5000 0.0000
0.9735 0.0000 505.0000 0.0000
0.9720 0.0000 504.5000 0.0000
0.9690 0.0000 503.5000 0.0000
0.9675 0.0000 503.0000 0.0000
0.9555 0.0000 499.5000 0.0000
0.9465 0.0000 497.0000 0.0000
0.9420 0.0000 495.0000 0.0000
0.9360 0.0000 492.5000 0.0000
0.9345 0.0000 491.5000 0.0000
0.9270 0.0000 489.0000 0.0000
0.9210 0.0000 487.0000 0.0000
0.9045 0.0000 483.0000 0.0000
0.8985 0.0000 479.5000 0.0000
0.8895 0.0000 476.5000 0.0000
0.8805 0.0000 473.0000 0.0000
0.8745 0.0000 470.5000 0.0000
0.8715 0.0000 469.0000 0.0000
0.8670 0.0000 467.0000 0.0000
0.8655 0.0000 466.0000 0.0000
0.8625 0.0000 465.0000 0.0000
0.8595 0.0000 464.0000 0.0000
0.8565 0.0000 462.5000 0.0000
0.8505 0.0000 461.0000 0.0000
0.8445 0.0000 459.5000 0.0000
0.8445 0.0000 458.5000 0.0000
0.8445 0.0000 458.0000 0.0000
0.8445 0.0000 457.5000 0.0000
0.8415 0.0000 458.0000 0.0000
0.8400 0.0000 457.0000 0.0000
0.8295 0.0000 454.0000 0.0000
0.8205 0.0000 450.5000 0.0000
0.8160 0.0000 448.5000 0.0000
0.8100 0.0000 446.5000 0.0000
0.8055 0.0000 444.0000 0.0000
0.8010 0.0000 442.5000 0.0000
0.8010 0.0000 442.0000 0.0000
0.7995 0.0000 441.0000 0.0000
0.7965 0.0000 440.5000 0.0000
0.7845 0.0000 436.5000 0.0000
0.7785 0.0000 434.5000 0.0000
0.7710 0.0000 432.0000 0.0000
0.7650 0.0000 429.0000 0.0000
0.7620 0.0000 427.5000 0.0000
0.7560 0.0000 425.0000 0.0000
0.7515 0.0000 423.5000 0.0000
0.7530 0.0000 423.0000 0.0000
0.7530 0.0000 422.5000 0.0000
0.7515 0.0000 422.5000 0.0000
0.7470 0.0000 421.5000 0.0000
0.7425 0.0000 420.0000 0.0000
0.7410 0.0000 419.0000 0.0000
0.7365 0.0000 417.5000 0.0000
0.7275 0.0000 415.0000 0.0000
0.7215 0.0000 412.5000 0.0000
0.7110 0.0000 408.5000 0.0000
0.7080 0.0000 406.5000 0.0000
0.6990 0.0000 404.0000 0.0000
0.6975 0.0000 402.0000 0.0000
0.6930 0.0000 401.0000 0.0000
0.6885 0.0000 399.5000 0.0000
0.6825 0.0000 397.0000 0.0000
0.6750 0.0000 394.0000 0.0000
0.6705 0.0000 392.0000 0.0000
0.6630 0.0000 389.0000 0.0000
0.6510 0.0000 385.0000 0.0000
0.6510 0.0000 383.0000 0.0000
0.6480 0.0000 382.5000 0.0000
0.6465 0.0000 382.0000 0.0000
0.6480 0.0000 381.5000 0.0000
0.6480 0.0000 380.5000 0.0000
0.6465 0.0000 380.5000 0.0000
0.6465 0.0000 380.5000 0.0000
0.6465 0.0000 380.5000 0.0000
0.6450 0.0000 380.0000 0.0000
0.6450 0.0000 380.0000 0.0000
0.6375 0.0000 378.5000 0.0000
0.6360 0.0000 377.0000 0.0000
0.6330 0.0000 376.0000 0.0000
0.6225 0.0000 373.5000 0.0000
0.6210 0.0000 371.5000 0.0000
0.6180 0.0000 369.0000 0.0000
0.6120 0.0000 367.0000 0.0000
0.6045 0.0000 364.5000 0.0000
0.6015 0.0000 363.0000 0.0000
0.5970 0.0000 360.5000 0.0000
0.5925 0.0000 358.5000 0.0000
0.5850 0.0000 356.5000 0.0000
0.5835 0.0000 355.0000 0.0000
0.5775 0.0000 353.0000 0.0000
0.5685 0.0000 349.5000 0.0000
0.5595 0.0000 346.5000 0.0000
0.5550 0.0000 343.5000 0.0000
0.5490 0.0000 340.0000 0.0000
0.5445 0.0000 339.0000 0.0000
0.5430 0.0000 338.0000 0.0000
0.5460 0.0000 337.0000 0.0000
0.5415 0.0000 336.5000 0.0000
0.5355 0.0000 335.0000 0.0000
0.5310 0.0000 332.5000 0.0000
0.5265 0.0000 331.0000 0.0000
0.5250 0.0000 330.0000 0.0000
0.5205 0.0000 328.5000 0.0000
0.5175 0.0000 326.5000 0.0000
0.5145 0.0000 324.5000 0.0000
0.5100 0.0000 323.0000 0.0000
0.5070 0.0000 321.5000 0.0000
0.5025 0.0000 320.0000 0.0000
0.4995 0.0000 318.5000 0.0000
0.4965 0.0000 317.0000 0.0000
0.4950 0.0000 315.5000 0.0000
0.4935 0.0000 315.0000 0.0000
0.4875 0.0000 313.0000 0.0000
0.4845 0.0000 311.5000 0.0000
0.4785 0.0000 309.0000 0.0000
0.4725 0.0000 306.5000 0.0000
0.4725 0.0000 305.0000 0.0000
0.4620 0.0000 302.5000 0.0000
0.4575 0.0000 299.5000 0.0000
0.4515 0.0000 296.0000 0.0000
0.4470 0.0000 294.0000 0.0000
0.4440 0.0000 292.5000 0.0000
0.4425 0.0000 291.5000 0.0000
0.4380 0.0000 291.0000 0.0000
0.4335 0.0000 288.5000 0.0000
0.4245 0.0000 284.5000 0.0000
0.4155 0.0000 281.5000 0.0000
0.4110 0.0000 277.5000 0.0000
0.4035 0.0000 274.5000 0.0000
0.3990 0.0000 272.5000 0.0000
0.3975 0.0000 271.0000 0.0000
0.3915 0.0000 268.5000 0.0000
0.3870 0.0000 266.5000 0.0000
0.3840 0.0000 264.5000 0.0000
0.3780 0.0000 262.0000 0.0000
0.3735 0.0000 259.5000 0.0000
0.3690 0.0000 257.5000 0.0000
0.3645 0.0000 256.0000 0.0000
0.3615 0.0000 254.5000 0.0000
0.3570 0.0000 252.0000 0.0000
0.3540 0.0000 250.0000 0.0000
0.3495 0.0000 248.5000 0.0000
0.3465 0.0000 245.5000 0.0000
0.3360 0.0000 242.0000 0.0000
0.3255 0.0000 236.5000 0.0000
0.3165 0.0000 232.5000 0.0000
0.3135 0.0000 231.0000 0.0000
0.3105 0.0000 229.5000 0.0000
0.3060 0.0000 227.5000 0.0000
0.2955 0.0000 223.0000 0.0000
0.2925 0.0000 220.0000 0.0000
0.2830 0.0000 217.0000 0.0000
0.2835 0.0000 215.0000 0.0000
0.2805 0.0000 214.0000 0.0000
0.2790 0.0000 212.5000 0.0000
0.2745 0.0000 211.0000 0.0000
0.2730 0.0000 210.0000 0.0000
0.2715 0.0000 208.5000 0.0000
0.2640 0.0000 206.5000 0.0000
0.2610 0.0000 204.5000 0.0000
0.2565 0.0000 201.5000 0.0000
0.2445 0.0000 196.5000 0.0000
0.2370 0.0000 193.5000 0.0000
0.2340 0.0000 191.0000 0.0000
0.2265 0.0000 188.5000 0.0000
0.2235 0.0000 185.0000 0.0000
0.2175 0.0000 183.5000 0.0000
0.2190 0.0000 182.5000 0.0000
0.2130 0.0000 180.5000 0.0000
0.2070 0.0000 178.0000 0.0000
0.2055 0.0000 176.5000 0.0000
0.2040 0.0000 175.5000 0.0000
0.2025 0.0000 174.5000 0.0000
0.1890 0.0000 169.5000 0.0000
0.1785 0.0000 165.0000 0.0000
0.1755 0.0000 162.0000 0.0000
0.1740 0.0000 160.5000 0.0000
0.1725 0.0000 159.5000 0.0000
0.1695 0.0000 158.5000 0.0000
0.1650 0.0000 157.0000 0.0000
0.1575 0.0000 154.0000 0.0000
0.1455 0.0000 148.5000 0.0000
0.1350 0.0000 143.0000 0.0000
0.1170 0.0000 134.5000 0.0000
0.1125 0.0000 131.0000 0.0000
0.1095 0.0000 129.0000 0.0000
0.1050 0.0000 127.0000 0.0000
0.1020 0.0000 125.0000 0.0000
0.1005 0.0000 124.0000 0.0000
0.0975 0.0000 122.0000 0.0000
0.0900 0.0000 120.0000 0.0000
0.0915 0.0000 118.5000 0.0000
0.0825 0.0000 117.0000 0.0000
0.0840 0.0000 114.5000 0.0000
0.0825 0.0000 113.5000 0.0000
0.0795 0.0000 112.5000 0.0000
0.0750 0.0000 111.0000 0.0000
0.0660 0.0000 107.0000 0.0000
0.0630 0.0000 104.5000 0.0000
0.0555 0.0000 102.0000 0.0000
0.0540 0.0000 101.0000 0.0000
0.0495 0.0000 99.0000 0.0000
0.0510 0.0000 98.0000 0.0000
0.0390 0.0000 95.5000 0.0000
0.0375 0.0000 92.0000 0.0000
0.0315 0.0000 90.0000 0.0000
0.0300 0.0000 88.5000 0.0000
0.0270 0.0000 86.0000 0.0000
0.0195 0.0000 85.0000 0.0000
0.0075 0.0000 78.0000 0.0000
0.0090 0.0000 77.0000 0.0000
0.0075 0.0000 76.0000 0.0000
0.0090 0.0000 76.0000 0.0000
0.0060 0.0000 75.5000 0.0000
0.0060 0.0000 75.0000 0.0000
0.0030 0.0000 74.0000 0.0000
-0.0015 0.0000 73.0000 0.0000
0.0000 0.0000 72.5000 0.0000
0.0000 0.0000 72.0000 0.0000
0.0000 0.0000 72.0000 0.0000
0.0015 0.0000 72.0000 0.0000
0.0000 0.0000 71.5000 0.0000
0.0015 0.0000 71.5000 0.0000
0.0015 0.0000 72.0000 0.0000
0.0000 0.0000 72.0000 0.0000
-0.0015 0.0000 71.5000 0.0000
0.0015 0.0000 71.5000 0.0000
0.0015 0.0000 72.0000 0.0000
0.0000 0.0000 71.5000 0.0000
0.0000 0.0000 71.5000 0.0000
0.0000 0.0000 71.5000 0.0000
0.0015 0.0000 71.5000 0.0000
0.0015 0.0000 71.5000 0.0000
0.0000 0.0000 71.5000 0.0000
0.0000 0.0000 71.5000 0.0000
-0.0015 0.0000 71.5000 0.0000
-0.0015 0.0000 72.0000 0.0000
0.0000 0.0000 72.0000 0.0000
0.0000 0.0000 71.5000 0.0000
0.0000 0.0000 71.5000 0.0000
-0.0015 0.0000 72.0000 0.0000
0.0015 0.0000 71.5000 0.0000
0.0015 0.0000 71.5000 0.0000
0.0000 0.0000 72.0000 0.0000
0.0000 0.0000 71.5000 0.0000
0.0000 0.0000 71.5000 0.0000
0.0015 0.0000 71.5000 0.0000
-0.0015 0.0000 72.0000 0.0000
0.0015 0.0000 71.5000 0.0000
0.0000 0.0000 71.5000 0.0000
0.0000 0.0000 71.5000 0.0000
-0.0015 0.0000 71.5000 0.0000
0.0015 0.0000 71.5000 0.0000
0.0000 0.0000 71.5000 0.0000
0.0000 0.0000 71.5000 0.0000
0.0000 0.0000 72.0000 0.0000
0.0015 0.0000 71.5000 0.0000
0.0000 0.0000 71.5000 0.0000
-0.0015 0.0000 71.5000 0.0000
0.0015 0.0000 71.5000 0.0000
-0.0015 0.0000 71.5000 0.0000
0.0000 0.0000 72.0000 0.0000
0.0000 0.0000 71.5000 0.0000
0.0000 0.0000 71.5000 0.0000
0.0000 0.0000 71.5000 0.0000
0.0015 0.0000 72.0000 0.0000
0.0015 0.0000 71.5000 0.0000
0.0015 0.0000 71.5000 0.0000
0.0015 0.0000 71.5000 0.0000
0.0000 0.0000 71.5000 0.0000
-0.0015 0.0000 71.5000 0.0000
0.0000 0.0000 71.5000 0.0000
0.0000 0.0000 71.5000 0.0000
0.0000 0.0000 71.5000 0.0000
0.0015 0.0000 71.5000 0.0000
0.0000 0.0000 71.5000 0.0000
0.0000 0.0000 71.5000 0.0000
0.0015 0.0000 71.5000 0.0000
-0.0015 0.0000 71.5000 0.0000
0.0000 0.0000 71.5000 0.0000
-0.0015 0.0000 71.5000 0.0000
0.0015 0.0000 71.5000 0.0000
0.0000 0.0000 71.5000 0.0000
0.0000 0.0000 71.5000 0.0000
0.0000 0.0000 71.5000 0.0000
0.0000 0.0000 71.5000 0.0000
0.0000 0.0000 72.0000 0.0000
0.0000 0.0000 71.5000 0.0000
0.0015 0.0000 71.5000 0.0000
0.0015 0.0000 71.5000 0.0000
-0.0015 0.0000 71.5000 0.0000
0.0000 0.0000 71.5000 0.0000
0.0000 0.0000 71.5000 0.0000
0.0015 0.0000 71.5000 0.0000
0.0015 0.0000 71.5000 0.0000
-0.0015 0.0000 71.5000 0.0000
0.0015 0.0000 71.5000 0.0000
-0.0015 0.0000 71.5000 0.0000
0.0015 0.0000 72.0000 0.0000
0.0000 0.0000 71.5000 0.0000
0.0015 0.0000 71.5000 0.0000
-0.0015 0.0000 71.5000 0.0000
0.0015 0.0000 71.5000 0.0000
0.0000 0.0000 72.0000 0.0000
0.0000 0.0000 71.5000 0.0000
0.0015 0.0000 71.5000 0.0000
-0.0015 0.0000 71.5000 0.0000
-0.0015 0.0000 71.5000 0.0000
0.0000 0.0000 71.5000 0.0000
-0.0015 0.0000 71.5000 0.0000
0.0000 0.0000 71.5000 0.0000
0.0000 0.0000 72.0000 0.0000
0.0000 0.0000 71.5000 0.0000
0.0015 0.0000 71.5000 0.0000
0.0000 0.0000 71.5000 0.0000
0.0000 0.0000 71.5000 0.0000
0.0000 0.0000 71.5000 0.0000
0.0000 0.0000 71.5000 0.0000
0.0015 0.0000 71.5000 0.0000
0.0015 0.0000 71.5000 0.0000
-0.0015 0.0000 71.5000 0.0000
-0.0015 0.0000 71.5000 0.0000
0.0000 0.0000 71.5000 0.0000
0.0000 0.0000 72.0000 0.0000
0.0015 0.0000 71.5000 0.0000
0.0000 0.0000 72.0000 0.0000
0.0000 0.0000 71.5000 0.0000
-0.0015 0.0000 71.5000 0.0000
0.0000 0.0000 71.5000 0.0000
-0.0015 0.0000 71.5000 0.0000
0.0000 0.0000 71.5000 0.0000
0.0000 0.0000 71.5000 0.0000
-0.0015 0.0000 71.5000 0.0000
-0.0060 0.0000 70.5000 0.0000
-0.0105 0.0000 68.5000 0.0000
-0.0105 0.0000 67.5000 0.0000
-0.0120 0.0000 67.0000 0.0000
-0.0090 0.0000 67.0000 0.0000
-0.0165 0.0000 66.0000 0.0000
-0.0255 0.0000 62.5000 0.0000
-0.0345 0.0000 57.5000 0.0000
-0.0375 0.0000 55.5000 0.0000
-0.0390 0.0000 54.5000 0.0000
-0.0405 0.0000 53.0000 0.0000
-0.0465 0.0000 50.5000 0.0000
-0.0495 0.0000 48.5000 0.0000
-0.0525 0.0000 47.5000 0.0000
-0.0555 0.0000 46.0000 0.0000
-0.0570 0.0000 45.0000 0.0000
-0.0600 0.0000 44.0000 0.0000
-0.0645 0.0000 42.0000 0.0000
-0.0645 0.0000 41.0000 0.0000
-0.0645 0.0000 40.5000 0.0000
-0.0675 0.0000 39.5000 0.0000
-0.0720 0.0000 38.5000 0.0000
-0.0735 0.0000 36.5000 0.0000
-0.0750 0.0000 36.0000 0.0000
-0.0765 0.0000 35.0000 0.0000
-0.0810 0.0000 33.5000 0.0000
-0.0810 0.0000 32.5000 0.0000
-0.0810 0.0000 32.0000 0.0000
-0.0825 0.0000 32.0000 0.0000
-0.0840 0.0000 31.0000 0.0000
-0.0870 0.0000 30.5000 0.0000
-0.0900 0.0000 29.5000 0.0000
-0.0900 0.0000 28.0000 0.0000
-0.0930 0.0000 27.0000 0.0000
-0.0930 0.0000 26.0000 0.0000
-0.0945 0.0000 25.5000 0.0000
-0.0975 0.0000 24.5000 0.0000
-0.0975 0.0000 23.5000 0.0000
-0.1005 0.0000 23.0000 0.0000
-0.1020 0.0000 22.0000 0.0000
-0.1035 0.0000 21.0000 0.0000
-0.1050 0.0000 20.5000 0.0000
-0.1080 0.0000 19.5000 0.0000
-0.1155 0.0000 16.5000 0.0000
-0.1290 0.0000 10.0000 0.0000
-0.1395 0.0000 5.0000 0.0000
-0.1440 0.0000 2.5000 0.0000
-0.1470 0.0000 0.5000 0.0000
-0.1500 0.0000 -0.5000 0.0000
-0.1530 0.0000 -2.5000 0.0000
-0.1560 0.0000 -5.0000 0.0000
-0.1620 0.0000 -6.5000 0.0000
-0.1650 0.0000 -8.0000 0.0000
-0.1665 0.0000 -9.5000 0.0000
-0.1710 0.0000 -11.0000 0.0000
-0.1755 0.0000 -13.5000 0.0000
-0.1815 0.0000 -16.0000 0.0000
-0.1890 0.0000 -19.5000 0.0000
-0.1950 0.0000 -23.0000 0.0000
-0.2010 0.0000 -25.5000 0.0000
-0.2055 0.0000 -28.0000 0.0000
-0.2115 0.0000 -31.0000 0.0000
-0.2190 0.0000 -34.5000 0.0000
-0.2205 0.0000 -36.0000 0.0000
-0.2250 0.0000 -38.0000 0.0000
-0.2295 0.0000 -39.5000 0.0000
-0.2310 0.0000 -41.0000 0.0000
-0.2370 0.0000 -43.0000 0.0000
-0.2400 0.0000 -45.5000 0.0000
-0.2430 0.0000 -47.5000 0.0000
-0.2430 0.0000 -48.0000 0.0000
-0.2460 0.0000 -48.5000 0.0000
-0.2460 0.0000 -50.0000 0.0000
-0.2490 0.0000 -50.5000 0.0000
-0.2505 0.0000 -51.0000 0.0000
-0.2535 0.0000 -52.5000 0.0000
-0.2550 0.0000 -53.5000 0.0000
-0.2580 0.0000 -55.0000 0.0000
-0.2595 0.0000 -56.0000 0.0000
-0.2595 0.0000 -56.5000 0.0000
-0.2610 0.0000 -56.5000 0.0000
-0.2625 0.0000 -57.5000 0.0000
-0.2625 0.0000 -58.0000 0.0000
-0.2640 0.0000 -58.5000 0.0000
-0.2640 0.0000 -59.5000 0.0000
-0.2685 0.0000 -60.0000 0.0000
-0.2715 0.0000 -61.5000 0.0000
-0.2745 0.0000 -63.0000 0.0000
-0.2760 0.0000 -64.0000 0.0000
-0.2760 0.0000 -65.0000 0.0000
-0.2775 0.0000 -65.5000 0.0000
-0.2775 0.0000 -66.0000 0.0000
-0.2805 0.0000 -67.0000 0.0000
-0.2835 0.0000 -68.0000 0.0000
-0.2850 0.0000 -69.0000 0.0000
-0.2895 0.0000 -70.5000 0.0000
-0.2925 0.0000 -72.5000 0.0000
-0.2985 0.0000 -74.0000 0.0000
-0.3000 0.0000 -75.5000 0.0000
-0.3015 0.0000 -77.0000 0.0000
-0.3045 0.0000 -78.5000 0.0000
-0.3060 0.0000 -79.5000 0.0000
-0.3120 0.0000 -81.0000 0.0000
-0.3135 0.0000 -82.5000 0.0000
-0.3165 0.0000 -83.5000 0.0000
-0.3180 0.0000 -85.0000 0.0000
-0.3195 0.0000 -85.5000 0.0000
-0.3210 0.0000 -86.5000 0.0000
-0.3255 0.0000 -88.0000 0.0000
-0.3300 0.0000 -89.5000 0.0000
-0.3360 0.0000 -92.5000 0.0000
-0.3405 0.0000 -94.5000 0.0000
-0.3435 0.0000 -96.5000 0.0000
-0.3495 0.0000 -99.0000 0.0000
-0.3510 0.0000 -101.0000 0.0000
-0.3540 0.0000 -102.5000 0.0000
-0.3600 0.0000 -104.5000 0.0000
-0.3690 0.0000 -108.0000 0.0000
-0.3720 0.0000 -110.5000 0.0000
-0.3765 0.0000 -111.5000 0.0000
-0.3750 0.0000 -113.0000 0.0000
-0.3795 0.0000 -114.0000 0.0000
-0.3840 0.0000 -116.0000 0.0000
-0.3915 0.0000 -118.0000 0.0000
-0.3960 0.0000 -121.0000 0.0000
-0.4020 0.0000 -124.0000 0.0000
-0.4080 0.0000 -126.5000 0.0000
-0.4125 0.0000 -128.5000 0.0000
-0.4140 0.0000 -130.0000 0.0000
-0.4140 0.0000 -131.0000 0.0000
-0.4185 0.0000 -132.5000 0.0000
-0.4230 0.0000 -134.0000 0.0000
-0.4305 0.0000 -137.0000 0.0000
-0.4380 0.0000 -141.5000 0.0000
-0.4440 0.0000 -144.0000 0.0000
-0.4470 0.0000 -146.0000 0.0000
-0.4515 0.0000 -148.0000 0.0000
-0.4590 0.0000 -151.0000 0.0000
-0.4680 0.0000 -155.0000 0.0000
-0.4740 0.0000 -158.0000 0.0000
-0.4815 0.0000 -161.5000 0.0000
-0.4905 0.0000 -165.0000 0.0000
-0.4995 0.0000 -170.0000 0.0000
-0.5100 0.0000 -173.5000 0.0000
-0.5160 0.0000 -177.5000 0.0000
-0.5205 0.0000 -180.0000 0.0000
-0.5250 0.0000 -183.0000 0.0000
-0.5310 0.0000 -185.0000 0.0000
-0.5325 0.0000 -187.0000 0.0000
-0.5370 0.0000 -188.5000 0.0000
-0.5445 0.0000 -192.0000 0.0000
-0.5505 0.0000 -195.0000 0.0000
-0.5535 0.0000 -196.5000 0.0000
-0.5550 0.0000 -198.0000 0.0000
-0.5565 0.0000 -198.5000 0.0000
-0.5595 0.0000 -200.0000 0.0000
-0.5640 0.0000 -201.5000 0.0000
-0.5655 0.0000 -203.0000 0.0000
-0.5685 0.0000 -204.0000 0.0000
-0.5700 0.0000 -205.5000 0.0000
-0.5745 0.0000 -207.0000 0.0000
-0.5820 0.0000 -210.0000 0.0000
-0.5850 0.0000 -212.0000 0.0000
-0.5895 0.0000 -213.5000 0.0000
-0.5925 0.0000 -215.5000 0.0000
-0.5940 0.0000 -216.5000 0.0000
-0.6000 0.0000 -218.5000 0.0000
-0.6105 0.0000 -221.5000 0.0000
-0.6210 0.0000 -227.0000 0.0000
-0.6285 0.0000 -231.0000 0.0000
-0.6345 0.0000 -234.0000 0.0000
-0.6345 0.0000 -235.0000 0.0000
-0.6345 0.0000 -236.0000 0.0000
-0.6360 0.0000 -236.5000 0.0000
-0.6360 0.0000 -237.0000 0.0000
-0.6360 0.0000 -237.5000 0.0000
-0.6405 0.0000 -238.0000 0.0000
-0.6480 0.0000 -239.0000 0.0000
-0.6615 0.0000 -245.0000 0.0000
-0.6675 0.0000 -249.0000 0.0000
-0.6765 0.0000 -252.0000 0.0000
-0.6900 0.0000 -258.5000 0.0000
-0.7020 0.0000 -263.0000 0.0000
-0.7035 0.0000 -266.5000 0.0000
-0.7050 0.0000 -267.5000 0.0000
-0.7065 0.0000 -268.0000 0.0000
-0.7125 0.0000 -270.0000 0.0000
-0.7185 0.0000 -272.0000 0.0000
-0.7215 0.0000 -274.5000 0.0000
-0.7260 0.0000 -276.0000 0.0000
-0.7290 0.0000 -278.0000 0.0000
-0.7335 0.0000 -279.5000 0.0000
-0.7335 0.0000 -280.5000 0.0000
-0.7350 0.0000 -282.0000 0.0000
-0.7440 0.0000 -284.0000 0.0000
-0.7440 0.0000 -285.5000 0.0000
-0.7425 0.0000 -285.5000 0.0000
-0.7425 0.0000 -286.0000 0.0000
-0.7440 0.0000 -286.0000 0.0000
-0.7440 0.0000 -286.5000 0.0000
-0.7425 0.0000 -286.0000 0.0000
-0.7440 0.0000 -286.5000 0.0000
-0.7455 0.0000 -286.5000 0.0000
-0.7455 0.0000 -287.0000 0.0000
-0.7530 0.0000 -289.5000 0.0000
-0.7665 0.0000 -293.0000 0.0000
-0.7800 0.0000 -298.0000 0.0000
-0.7845 0.0000 -302.0000 0.0000
-0.7965 0.0000 -306.0000 0.0000
-0.8070 0.0000 -310.5000 0.0000
-0.8175 0.0000 -315.0000 0.0000
-0.8310 0.0000 -320.0000 0.0000
-0.8370 0.0000 -324.0000 0.0000
-0.8400 0.0000 -326.0000 0.0000
-0.8445 0.0000 -328.0000 0.0000
-0.8475 0.0000 -330.5000 0.0000
-0.8580 0.0000 -333.5000 0.0000
-0.8640 0.0000 -336.5000 0.0000
-0.8700 0.0000 -339.5000 0.0000
-0.8880 0.0000 -345.5000 0.0000
-0.8955 0.0000 -349.0000 0.0000
-0.9000 0.0000 -352.0000 0.0000
-0.9060 0.0000 -355.0000 0.0000
-0.9135 0.0000 -357.5000 0.0000
-0.9210 0.0000 -360.5000 0.0000
-0.9270 0.0000 -363.5000 0.0000
-0.9300 0.0000 -365.5000 0.0000
-0.9360 0.0000 -368.0000 0.0000
-0.9405 0.0000 -370.0000 0.0000
-0.9435 0.0000 -371.5000 0.0000
-0.9480 0.0000 -373.5000 0.0000
-0.9525 0.0000 -375.0000 0.0000
-0.9600 0.0000 -378.0000 0.0000
-0.9690 0.0000 -381.5000 0.0000
-0.9720 0.0000 -383.5000 0.0000
-0.9750 0.0000 -385.0000 0.0000
-0.9750 0.0000 -386.0000 0.0000
-0.9780 0.0000 -387.0000 0.0000
-0.9795 0.0000 -388.0000 0.0000
-0.9840 0.0000 -389.0000 0.0000
-0.9870 0.0000 -390.5000 0.0000
-0.9915 0.0000 -392.0000 0.0000
-0.9945 0.0000 -393.5000 0.0000
-0.9975 0.0000 -395.0000 0.0000
-0.9990 0.0000 -396.0000 0.0000
-1.0035 0.0000 -397.0000 0.0000
-1.0080 0.0000 -398.5000 0.0000
-1.0095 0.0000 -400.5000 0.0000
-1.0125 0.0000 -401.0000 0.0000
-1.0170 0.0000 -403.0000 0.0000
-1.0215 0.0000 -404.0000 0.0000
-1.0245 0.0000 -406.0000 0.0000
-1.0320 0.0000 -408.0000 0.0000
-1.0305 0.0000 -409.5000 0.0000
-1.0350 0.0000 -411.0000 0.0000
-1.0380 0.0000 -411.5000 0.0000
-1.0395 0.0000 -412.5000 0.0000
-1.0425 0.0000 -413.5000 0.0000
-1.0425 0.0000 -414.5000 0.0000
-1.0470 0.0000 -415.5000 0.0000
-1.0500 0.0000 -416.5000 0.0000
-1.0500 0.0000 -417.5000 0.0000
-1.0530 0.0000 -418.5000 0.0000
-1.0575 0.0000 -420.0000 0.0000
-1.0605 0.0000 -421.0000 0.0000
-1.0620 0.0000 -421.5000 0.0000
-1.0620 0.0000 -422.0000 0.0000
-1.0635 0.0000 -422.5000 0.0000
-1.0650 0.0000 -423.5000 0.0000
-1.0665 0.0000 -424.5000 0.0000
-1.0710 0.0000 -425.5000 0.0000
-1.0725 0.0000 -426.0000 0.0000
-1.0725 0.0000 -426.5000 0.0000
-1.0740 0.0000 -427.0000 0.0000
-1.0770 0.0000 -427.5000 0.0000
-1.0770 0.0000 -428.0000 0.0000
-1.0785 0.0000 -429.0000 0.0000
-1.0815 0.0000 -430.0000 0.0000
-1.0875 0.0000 -431.0000 0.0000
-1.0905 0.0000 -432.5000 0.0000
-1.0950 0.0000 -434.5000 0.0000
-1.0965 0.0000 -435.5000 0.0000
-1.0995 0.0000 -436.5000 0.0000
-1.1010 0.0000 -438.0000 0.0000
-1.1055 0.0000 -439.0000 0.0000
-1.1085 0.0000 -440.5000 0.0000
-1.1115 0.0000 -441.5000 0.0000
-1.1145 0.0000 -442.5000 0.0000
-1.1190 0.0000 -444.0000 0.0000
-1.1250 0.0000 -446.5000 0.0000
-1.1280 0.0000 -448.5000 0.0000
-1.1355 0.0000 -450.5000 0.0000
-1.1415 0.0000 -452.5000 0.0000
-1.1445 0.0000 -454.0000 0.0000
-1.1475 0.0000 -455.5000 0.0000
-1.1505 0.0000 -457.0000 0.0000
-1.1550 0.0000 -458.5000 0.0000
-1.1595 0.0000 -460.0000 0.0000
-1.1625 0.0000 -461.5000 0.0000
-1.1670 0.0000 -463.0000 0.0000
-1.1700 0.0000 -464.5000 0.0000
-1.1730 0.0000 -465.5000 0.0000
-1.1790 0.0000 -467.0000 0.0000
-1.1790 0.0000 -468.5000 0.0000
-1.1820 0.0000 -469.5000 0.0000
-1.1835 0.0000 -470.5000 0.0000
-1.1880 0.0000 -471.5000 0.0000
-1.1880 0.0000 -472.0000 0.0000
-1.1895 0.0000 -472.5000 0.0000
-1.1910 0.0000 -473.0000 0.0000
-1.1910 0.0000 -473.5000 0.0000
-1.1910 0.0000 -474.0000 0.0000
-1.1925 0.0000 -474.0000 0.0000
-1.1940 0.0000 -474.5000 0.0000
-1.1955 0.0000 -475.0000 0.0000
-1.1955 0.0000 -475.0000 0.0000
-1.1985 0.0000 -476.0000 0.0000
-1.1985 0.0000 -476.5000 0.0000
-1.2000 0.0000 -477.0000 0.0000
-1.2030 0.0000 -478.0000 0.0000
-1.2060 0.0000 -479.0000 0.0000
-1.2060 0.0000 -479.5000 0.0000
-1.2060 0.0000 -479.5000 0.0000
-1.2075 0.0000 -480.0000 0.0000
-1.2075 0.0000 -480.5000 0.0000
-1.2105 0.0000 -480.5000 0.0000
-1.2105 0.0000 -480.5000 0.0000
-1.2120 0.0000 -481.0000 0.0000
-1.2135 0.0000 -482.0000 0.0000
-1.2165 0.0000 -483.0000 0.0000
-1.2210 0.0000 -484.0000 0.0000
-1.2255 0.0000 -486.0000 0.0000
-1.2300 0.0000 -487.5000 0.0000
-1.2300 0.0000 -488.5000 0.0000
-1.2315 0.0000 -489.5000 0.0000
-1.2330 0.0000 -489.5000 0.0000
-1.2360 0.0000 -490.0000 0.0000
-1.2375 0.0000 -491.0000 0.0000
-1.2390 0.0000 -491.5000 0.0000
-1.2405 0.0000 -492.5000 0.0000
-1.2405 0.0000 -493.0000 0.0000
-1.2420 0.0000 -493.0000 0.0000
-1.2420 0.0000 -493.5000 0.0000
-1.2405 0.0000 -494.0000 0.0000
-1.2435 0.0000 -494.0000 0.0000
-1.2450 0.0000 -494.5000 0.0000
-1.2495 0.0000 -495.0000 0.0000
-1.2510 0.0000 -496.0000 0.0000
-1.2540 0.0000 -496.5000 0.0000
-1.2540 0.0000 -497.5000 0.0000
-1.2540 0.0000 -497.5000 0.0000
-1.2555 0.0000 -498.0000 0.0000
-1.2585 0.0000 -498.0000 0.0000
-1.2600 0.0000 -499.5000 0.0000
-1.2600 0.0000 -500.0000 0.0000
-1.2630 0.0000 -500.5000 0.0000
-1.2615 0.0000 -501.0000 0.0000
-1.2615 0.0000 -501.0000 0.0000
-1.2660 0.0000 -501.5000 0.0000
-1.2660 0.0000 -501.5000 0.0000
-1.2750 0.0000 -504.0000 0.0000
-1.2720 0.0000 -504.5000 0.0000
-1.2765 0.0000 -505.5000 0.0000
-1.2765 0.0000 -506.5000 0.0000
-1.2825 0.0000 -507.0000 0.0000
-1.2795 0.0000 -507.5000 0.0000
-1.2840 0.0000 -508.0000 0.0000
-1.2840 0.0000 -508.5000 0.0000
-1.2855 0.0000 -509.0000 0.0000
-1.2885 0.0000 -509.5000 0.0000
-1.2870 0.0000 -510.0000 0.0000
-1.2885 0.0000 -510.5000 0.0000
-1.2900 0.0000 -510.5000 0.0000
-1.2930 0.0000 -511.5000 0.0000
-1.2930 0.0000 -512.0000 0.0000
-1.2975 0.0000 -513.0000 0.0000
-1.3005 0.0000 -514.0000 0.0000
-1.3050 0.0000 -515.0000 0.0000
-1.3050 0.0000 -516.0000 0.0000
-1.3080 0.0000 -517.5000 0.0000
-1.3125 0.0000 -518.5000 0.0000
-1.3155 0.0000 -520.0000 0.0000
-1.3200 0.0000 -521.0000 0.0000
-1.3215 0.0000 -521.5000 0.0000
-1.3215 0.0000 -522.5000 0.0000
-1.3230 0.0000 -523.5000 0.0000
-1.3275 0.0000 -523.5000 0.0000
-1.3260 0.0000 -524.0000 0.0000
-1.3290 0.0000 -524.5000 0.0000
-1.3275 0.0000 -525.0000 0.0000
-1.3275 0.0000 -525.0000 0.0000
-1.3335 0.0000 -526.5000 0.0000
-1.3380 0.0000 -527.5000 0.0000
-1.3440 0.0000 -529.5000 0.0000
-1.3455 0.0000 -531.0000 0.0000
-1.3515 0.0000 -532.5000 0.0000
-1.3575 0.0000 -534.5000 0.0000
-1.3620 0.0000 -536.0000 0.0000
-1.3620 0.0000 -537.0000 0.0000
-1.3740 0.0000 -540.0000 0.0000
-1.3845 0.0000 -543.5000 0.0000
-1.3875 0.0000 -545.5000 0.0000
-1.3920 0.0000 -547.0000 0.0000
-1.3950 0.0000 -548.0000 0.0000
-1.3995 0.0000 -550.5000 0.0000
-1.4040 0.0000 -551.5000 0.0000
-1.4085 0.0000 -553.0000 0.0000
-1.4190 0.0000 -555.5000 0.0000
-1.4295 0.0000 -559.5000 0.0000
-1.4310 0.0000 -561.0000 0.0000
-1.4325 0.0000 -562.0000 0.0000
-1.4340 0.0000 -563.0000 0.0000
-1.4385 0.0000 -564.0000 0.0000
-1.4505 0.0000 -567.0000 0.0000
-1.4625 0.0000 -570.5000 0.0000
-1.4685 0.0000 -573.5000 0.0000
-1.4655 0.0000 -574.5000 0.0000
-1.4700 0.0000 -575.0000 0.0000
-1.4670 0.0000 -575.5000 0.0000
-1.4700 0.0000 -575.5000 0.0000
-1.4670 0.0000 -575.5000 0.0000
-1.4685 0.0000 -575.5000 0.0000
-1.4670 0.0000 -575.5000 0.0000
-1.4700 0.0000 -575.5000 0.0000
-1.4685 0.0000 -575.5000 0.0000
-1.4730 0.0000 -576.0000 0.0000
-1.4805 0.0000 -578.0000 0.0000
-1.4940 0.0000 -582.0000 0.0000
-1.5075 0.0000 -586.5000 0.0000
-1.5270 0.0000 -591.5000 0.0000
-1.5360 0.0000 -595.5000 0.0000
-1.5540 0.0000 -600.0000 0.0000
-1.5645 0.0000 -604.5000 0.0000
-1.5780 0.0000 -608.5000 0.0000
-1.5855 0.0000 -612.0000 0.0000
-1.5990 0.0000 -616.0000 0.0000
-1.6065 0.0000 -619.5000 0.0000
-1.6140 0.0000 -621.5000 0.0000
-1.6170 0.0000 -623.0000 0.0000
-1.6245 0.0000 -625.5000 0.0000
-1.6320 0.0000 -628.5000 0.0000
-1.6410 0.0000 -630.5000 0.0000
-1.6440 0.0000 -632.5000 0.0000
-1.6515 0.0000 -634.5000 0.0000
-1.6590 0.0000 -636.5000 0.0000
-1.6590 0.0000 -638.0000 0.0000
-1.6650 0.0000 -639.5000 0.0000
-1.6710 0.0000 -641.0000 0.0000
-1.6755 0.0000 -642.5000 0.0000
-1.6755 0.0000 -643.5000 0.0000
-1.6845 0.0000 -645.5000 0.0000
-1.6890 0.0000 -647.0000 0.0000
-1.6905 0.0000 -648.0000 0.0000
-1.6950 0.0000 -649.0000 0.0000
-1.6965 0.0000 -650.0000 0.0000
-1.7040 0.0000 -652.0000 0.0000
-1.7100 0.0000 -653.5000 0.0000
-1.7115 0.0000 -655.0000 0.0000
-1.7175 0.0000 -656.0000 0.0000
-1.7205 0.0000 -657.5000 0.0000
-1.7280 0.0000 -658.5000 0.0000
-1.7310 0.0000 -660.5000 0.0000
-1.7370 0.0000 -662.0000 0.0000
-1.7370 0.0000 -663.0000 0.0000
-1.7400 0.0000 -664.0000 0.0000
-1.7445 0.0000 -665.0000 0.0000
-1.7490 0.0000 -666.0000 0.0000
-1.7550 0.0000 -667.5000 0.0000
-1.7610 0.0000 -669.5000 0.0000
-1.7655 0.0000 -671.0000 0.0000
-1.7790 0.0000 -674.0000 0.0000
-1.7850 0.0000 -677.0000 0.0000
-1.7940 0.0000 -679.5000 0.0000
-1.8015 0.0000 -682.0000 0.0000
-1.8090 0.0000 -684.0000 0.0000
-1.8165 0.0000 -686.0000 0.0000
-1.8210 0.0000 -687.5000 0.0000
-1.8270 0.0000 -689.5000 0.0000
-1.8300 0.0000 -691.0000 0.0000
-1.8330 0.0000 -692.0000 0.0000
-1.8390 0.0000 -693.5000 0.0000
-1.8495 0.0000 -696.0000 0.0000
-1.8570 0.0000 -698.5000 0.0000
-1.8630 0.0000 -700.5000 0.0000
-1.8720 0.0000 -703.0000 0.0000
-1.8810 0.0000 -705.5000 0.0000
-1.8855 0.0000 -707.0000 0.0000
-1.8885 0.0000 -708.0000 0.0000
-1.8930 0.0000 -709.5000 0.0000
-1.9020 0.0000 -711.5000 0.0000
-1.9110 0.0000 -714.0000 0.0000
-1.9140 0.0000 -716.0000 0.0000
-1.9185 0.0000 -717.0000 0.0000
-1.9170 0.0000 -717.5000 0.0000
-1.9200 0.0000 -718.5000 0.0000
-1.9275 0.0000 -720.0000 0.0000
-1.9380 0.0000 -721.5000 0.0000
-1.9410 0.0000 -723.5000 0.0000
-1.9455 0.0000 -724.5000 0.0000
-1.9455 0.0000 -725.5000 0.0000
-1.9515 0.0000 -727.0000 0.0000
-1.9560 0.0000 -728.0000 0.0000
-1.9635 0.0000 -730.0000 0.0000
-1.9695 0.0000 -731.5000 0.0000
-1.9710 0.0000 -732.5000 0.0000
-1.9815 0.0000 -735.0000 0.0000
-1.9890 0.0000 -736.5000 0.0000
-1.9950 0.0000 -739.0000 0.0000
-1.9995 0.0000 -740.5000 0.0000
-2.0040 0.0000 -742.0000 0.0000
-2.0100 0.0000 -743.0000 0.0000
-2.0145 0.0000 -744.5000 0.0000
-2.0160 0.0000 -745.5000 0.0000
-2.0265 0.0000 -747.5000 0.0000
-2.0310 0.0000 -749.5000 0.0000
-2.0385 0.0000 -751.0000 0.0000
-2.0460 0.0000 -752.5000 0.0000
-2.0475 0.0000 -754.5000 0.0000
-2.0595 0.0000 -756.5000 0.0000
-2.0625 0.0000 -758.5000 0.0000
-2.0730 0.0000 -760.0000 0.0000
-2.0775 0.0000 -762.0000 0.0000
-2.0805 0.0000 -763.5000 0.0000
-2.0835 0.0000 -764.0000 0.0000
-2.0910 0.0000 -765.5000 0.0000
-2.0955 0.0000 -767.0000 0.0000
-2.1075 0.0000 -769.5000 0.0000
-2.1180 0.0000 -772.5000 0.0000
-2.1255 0.0000 -775.0000 0.0000
-2.1330 0.0000 -776.5000 0.0000
-2.1375 0.0000 -778.5000 0.0000
-2.1405 0.0000 -780.0000 0.0000
-2.1480 0.0000 -781.5000 0.0000
-2.1540 0.0000 -782.0000 0.0000
-2.1660 0.0000 -784.0000 0.0000
-2.1735 0.0000 -787.0000 0.0000
-2.1795 0.0000 -790.0000 0.0000
-2.1975 0.0000 -793.5000 0.0000
-2.2155 0.0000 -796.0000 0.0000
-2.2245 0.0000 -800.5000 0.0000
-2.2395 0.0000 -804.0000 0.0000
-2.2470 0.0000 -807.5000 0.0000
-2.2560 0.0000 -809.5000 0.0000
-2.2575 0.0000 -809.5000 0.0000
-2.2650 0.0000 -812.0000 0.0000
-2.2695 0.0000 -812.5000 0.0000
-2.2710 0.0000 -812.5000 0.0000
-2.2755 0.0000 -813.5000 0.0000
-2.2785 0.0000 -814.0000 0.0000
-2.2875 0.0000 -815.5000 0.0000
-2.2935 0.0000 -818.5000 0.0000
-2.3010 0.0000 -819.0000 0.0000
-2.3115 0.0000 -821.0000 0.0000
-2.3190 0.0000 -825.5000 0.0000
-2.3295 0.0000 -827.5000 0.0000
-2.3355 0.0000 -827.0000 0.0000
-2.3415 0.0000 -829.0000 0.0000
-2.3445 0.0000 -831.5000 0.0000
-2.3520 0.0000 -830.5000 0.0000
-2.3595 0.0000 -836.0000 0.0000
-2.3670 0.0000 -837.0000 0.0000
-2.3715 0.0000 -839.0000 0.0000
-2.3760 0.0000 -840.0000 0.0000
-2.3805 0.0000 -841.0000 0.0000
-2.3865 0.0000 -842.5000 0.0000
-2.3940 0.0000 -840.5000 0.0000
-2.4030 0.0000 -843.0000 0.0000
-2.4120 0.0000 -844.0000 0.0000
-2.4150 0.0000 -845.5000 0.0000
-2.4210 0.0000 -850.5000 0.0000
-2.4285 0.0000 -850.0000 0.0000
-2.4360 0.0000 -853.0000 0.0000
-2.4495 0.0000 -853.0000 0.0000
-2.4630 0.0000 -859.5000 0.0000
-2.4705 0.0000 -859.0000 0.0000
-2.4780 0.0000 -859.5000 0.0000
-2.4855 0.0000 -861.0000 0.0000
-2.4900 0.0000 -862.5000 0.0000
-2.4930 0.0000 -864.0000 0.0000
-2.4960 0.0000 -866.0000 0.0000
-2.4960 0.0000 -868.5000 0.0000
-2.5005 0.0000 -865.5000 0.0000
-2.5050 0.0000 -869.5000 0.0000
-2.5095 0.0000 -871.0000 0.0000
-2.5095 0.0000 -867.5000 0.0000
-2.5125 0.0000 -868.5000 0.0000
-2.5185 0.0000 -870.0000 0.0000
-2.5230 0.0000 -870.0000 0.0000
-2.5245 0.0000 -874.5000 0.0000
-2.5260 0.0000 -871.0000 0.0000
-2.5350 0.0000 -876.0000 0.0000
-2.5395 0.0000 -873.5000 0.0000
-2.5455 0.0000 -875.0000 0.0000
-2.5485 0.0000 -878.5000 0.0000
-2.5530 0.0000 -879.5000 0.0000
-2.5545 0.0000 -879.5000 0.0000
-2.5575 0.0000 -881.5000 0.0000
-2.5635 0.0000 -880.0000 0.0000
-2.5665 0.0000 -882.0000 0.0000
-2.5755 0.0000 -882.0000 0.0000
-2.5785 0.0000 -885.5000 0.0000
-2.5875 0.0000 -886.5000 0.0000
-2.5965 0.0000 -888.0000 0.0000
-2.5980 0.0000 -886.5000 0.0000
-2.6025 0.0000 -890.5000 0.0000
-2.6085 0.0000 -888.0000 0.0000
-2.6145 0.0000 -893.5000 0.0000
-2.6205 0.0000 -894.0000 0.0000
-2.6280 0.0000 -891.5000 0.0000
-2.6295 0.0000 -897.0000 0.0000
-2.6340 0.0000 -893.5000 0.0000
-2.6325 0.0000 -895.0000 0.0000
-2.6385 0.0000 -894.5000 0.0000
-2.6430 0.0000 -899.5000 0.0000
-2.6490 0.0000 -897.0000 0.0000
-2.6520 0.0000 -897.5000 0.0000
-2.6580 0.0000 -898.5000 0.0000
-2.6625 0.0000 -903.0000 0.0000
-2.6775 0.0000 -904.0000 0.0000
-2.6895 0.0000 -905.5000 0.0000
-2.6955 0.0000 -907.0000 0.0000
-2.7045 0.0000 -908.5000 0.0000
-2.7090 0.0000 -909.5000 0.0000
-2.7195 0.0000 -913.0000 0.0000
-2.7240 0.0000 -915.0000 0.0000
-2.7330 0.0000 -915.5000 0.0000
-2.7420 0.0000 -913.5000 0.0000
-2.7480 0.0000 -915.5000 0.0000
-2.7570 0.0000 -921.5000 0.0000
-2.7660 0.0000 -923.5000 0.0000
-2.7735 0.0000 -920.0000 0.0000
-2.7765 0.0000 -925.5000 0.0000
-2.7825 0.0000 -924.0000 0.0000
-2.7870 0.0000 -927.5000 0.0000
-2.7975 0.0000 -929.5000 0.0000
-2.8020 0.0000 -926.0000 0.0000
-2.8065 0.0000 -926.5000 0.0000
-2.8140 0.0000 -927.5000 0.0000
-2.8170 0.0000 -929.0000 0.0000
-2.8245 0.0000 -930.5000 0.0000
-2.8470 0.0000 -937.5000 0.0000
-2.8545 0.0000 -935.5000 0.0000
-2.8665 0.0000 -939.0000 0.0000
-2.8800 0.0000 -941.5000 0.0000
-2.8920 0.0000 -946.0000 0.0000
-2.8980 0.0000 -942.5000 0.0000
-2.9010 0.0000 -943.5000 0.0000
-2.9055 0.0000 -944.0000 0.0000
-2.9115 0.0000 -946.0000 0.0000
-2.9190 0.0000 -945.5000 0.0000
-2.9220 0.0000 -948.0000 0.0000
-2.9220 0.0000 -947.5000 0.0000
-2.9250 0.0000 -950.5000 0.0000
-2.9220 0.0000 -951.5000 0.0000
-2.9220 0.0000 -950.0000 0.0000
-2.9220 0.0000 -947.0000 0.0000
-2.9235 0.0000 -948.0000 0.0000
-2.9220 0.0000 -952.0000 0.0000
-2.9220 0.0000 -951.5000 0.0000
-2.9220 0.0000 -947.0000 0.0000
-2.9220 0.0000 -947.5000 0.0000
-2.9205 0.0000 -948.5000 0.0000
-2.9220 0.0000 -952.0000 0.0000
-2.9220 0.0000 -947.5000 0.0000
-2.9205 0.0000 -948.0000 0.0000
-2.9220 0.0000 -948.0000 0.0000
-2.9220 0.0000 -949.5000 0.0000
-2.9220 0.0000 -947.0000 0.0000
-2.9235 0.0000 -950.5000 0.0000
-2.9220 0.0000 -950.0000 0.0000
-2.9220 0.0000 -949.5000 0.0000
-2.9220 0.0000 -951.5000 0.0000
-2.9220 0.0000 -947.5000 0.0000
-2.9205 0.0000 -950.5000 0.0000
-2.9220 0.0000 -947.0000 0.0000
-2.9205 0.0000 -948.0000 0.0000
-2.9220 0.0000 -950.5000 0.0000
-2.9220 0.0000 -948.5000 0.0000
-2.9220 0.0000 -952.0000 0.0000
-2.9205 0.0000 -949.5000 0.0000
-2.9205 0.0000 -951.0000 0.0000
-2.9220 0.0000 -951.5000 0.0000
-2.9205 0.0000 -949.0000 0.0000
-2.9220 0.0000 -947.0000 0.0000
-2.9220 0.0000 -947.5000 0.0000
-2.9205 0.0000 -951.0000 0.0000
-2.9205 0.0000 -952.0000 0.0000
-2.9205 0.0000 -952.0000 0.0000
-2.9205 0.0000 -949.0000 0.0000
-2.9205 0.0000 -947.5000 0.0000
-2.9220 0.0000 -946.5000 0.0000
-2.9205 0.0000 -951.5000 0.0000
-2.9205 0.0000 -950.5000 0.0000
