#H_Fe[T] err_H_Fe[T]
1.47636327995916838418 0.07339298702179750111
3.14465408805031465533 0.04103992938202469937
0.00000000000000000000 0.00000000000000000000
0.00000000000000000000 0.00000000000000000000
0.00000000000000000000 0.00000000000000000000
6.28930817610062931067 0.08207985876404939873
0.00000000000000000000 0.00000000000000000000
0.00000000000000000000 0.00000000000000000000
-1.66829080809114604911 0.06663398059245767557
0.00000000000000000000 0.00000000000000000000
-3.14465408805031465533 0.04103992938202469937
3.14465408805031465533 0.04103992938202469937
0.00000000000000000000 0.00000000000000000000
0.00000000000000000000 0.00000000000000000000
3.14465408805031465533 0.04103992938202469937
0.00000000000000000000 0.00000000000000000000
0.00000000000000000000 0.00000000000000000000
-1.66829080809114604911 0.06663398059245767557
0.00000000000000000000 0.00000000000000000000
-24.96530517627053669116 0.37537408308148556557
-108.14361780044123406697 2.12665090786600918804
-190.74614784021599689368 4.21345817831832558653
-258.71791566343438262265 6.46555736342264530947
-307.43790390208698681818 8.81979176649128682186
-316.62088169300926665528 10.04723230060210070747
-325.09520631650030964011 10.72707988837227865986
-357.95905353186594766157 12.08177785654177327501
-386.91053654665341809960 13.91102648416019071931
-407.71249304911708577492 15.88324971143536501472
-420.94070562365300247620 17.62637589267885829258
-428.26346507835205557058 19.08450327544034408334
-437.44644286927444909452 20.36563962066185595745
-460.30054523609328498424 22.05314854931369339397
-473.33683028249708968360 23.94599648588824791773
-482.13595301715537289056 25.49363687166759007141
-483.93711440828184322527 26.41782764775309644278
-500.88576365526404288175 27.81734882557394072933
-535.93462731802014786808 29.83778694075044768397
-562.45010941218856714841 32.27138047296251954776
-558.47868826651370000036 33.89186933365956377884
-567.85359358556797815254 35.05769329232352760073
-584.99417036068200559384 36.32905581535736416754
-606.17998191940966989932 38.08169784128769919107
-609.26557906236337203154 39.21698030401049095417
-612.35117620531707416376 40.35318748775070929469
-629.49175298043110160506 41.62502257240276293260
-658.44323599521851519967 43.48274619036627086643
-679.62904755394617950515 45.23634945387423300645
-696.19384174466438253148 46.90149515760201381909
-712.95056346351441334264 48.43571789491326029520
-717.51252388642717505718 49.64695067967349473292
-726.88742920548156689620 50.81563627979080877139
-752.88618566035052026564 52.52677848613412692202
-763.73745425936419906066 53.76877764894937428153
-777.92530447455987996364 54.89451989637899487207
-798.01860780959214025643 56.31294421640498626402
-821.06463770454286077438 57.87770820662257165168
-834.86863286347465873405 59.26619306286577426590
-862.72760765456689568964 60.78772735714252206662
-875.05523953353974775382 62.10304026948431044275
-882.95378157263485263684 63.19899369315801607172
-904.90730324389039651578 64.42775615848286463461
-906.90039216314880832215 65.23116375227073149290
-919.61187909838542964280 66.28384036604808215998
-929.56256700183575958363 67.05877524808386169752
-945.41870802512232785375 68.12629481450146329280
-964.80335819272352182452 68.94582979489912588633
-995.80698707186627416377 70.48221122032525443046
-1017.76050874312181804271 71.71109376403465773819
-1026.04290583848114692955 72.54416571565283788914
-1045.04370094981800320966 73.62671638224851733412
-1060.89984197310513991397 74.69428470809350528725
-1078.42427380448293661175 75.70369636955568637404
-1074.51190960390499640198 76.21411385553905404322
-1098.90143219577907984785 76.85948662284192778316
-1121.23880892329884773062 77.82593777840854443184
-1112.70542735471144624171 78.24784855328836385979
-1150.57414699435003058170 79.42098030916960738068
-1166.43028801763716728601 80.48857546033731580337
-1171.95188608120997741935 81.04382942124351529856
-1185.23915560084219578130 81.70255746183929090876
-1210.72118641641191061353 82.68451264196826855368
-1243.77696115991011538426 83.90166251259681473584
-1265.92241035929737336119 84.99992778298523887770
-1283.25491466254334227415 86.14075479042473659774
-1291.72923928603449894581 86.84226446281222422385
-1334.21897629368322668597 88.10632776028118939848
-1348.59875403701062168693 89.10069156839513482282
-1380.17816550054931212799 90.24581620386666713785
-1400.84725141997751052259 91.27127343241207313440
-1432.61859041164802874846 92.28603614686119271937
-1471.57981827498247184849 93.79841108258895587824
-1522.92773496238601182995 95.50530169291164384049
-1570.74714250547503979760 97.45849204321659442485
-1575.69295798465191182913 98.40489493003245513592
-1601.17498880022185403504 99.38949436315878926962
-1640.32814419168835229357 100.77277014566681145880
-1648.80246881517950896523 101.47370346361103088384
-1671.52370059896293241763 102.18154348471752257410
-1686.28733339855443773558 102.91458004999226716336
-1713.43765502221526730864 103.84260745553721960732
-1742.25626745396721162251 104.71375629881481472694
-1764.78557170961857991642 105.55271268388349881207
-1787.31487596527063033136 106.39178689108690889498
-1809.84418022092177125160 107.23097615457741937917
-1827.75246710856413301372 107.98058844597667871312
-1844.18439071624629832513 108.65691425886456045191
-1853.04257039600202006113 109.09689519026791515444
-1858.94802351583825839043 109.39021749670656902254
-1844.70111635554621898336 109.38177115830077923420
-1844.70111635554621898336 109.38177115830077923420
-1844.70111635554621898336 109.38177115830077923420
-1847.84577044359684805386 109.39810068184551994364
-1847.84577044359684805386 109.39810068184551994364
-1850.99042453164611288230 109.41444316183832086153
-1857.08780517961531586479 109.57745623124181122421
-1917.16103096373876724101 110.74472827224117565947
-1995.33447116363572604314 112.53479027781904164840
-2062.02180323502716419171 114.59350407805365534841
-2094.50179539412874873960 116.20752419551691048127
-2110.74179147367931363988 117.01454072730228972432
-2165.81014483352919341996 118.35810257582915028252
-2215.87362576910618372494 119.87174110465547016702
-2236.54271168853438211954 120.89900612487109299309
-2246.87725464824825394317 121.41264013780286745714
-2247.96976287194365795585 121.74527582849609075311
-2255.54350679987146577332 121.98252131722297519900
-2257.01987007983052535565 122.05589736656131094605
-2255.35157927173941061483 122.11215354298369106800
-2256.82794255169847019715 122.18552914874254611277
-2256.82794255169847019715 122.18552914874254611277
-2255.15965174360735545633 122.24179529450529457790
-2258.30430583165798452683 122.25890477536714229245
-2252.01499765555718113319 122.22469719875272176068
-2259.97259663974909926765 122.20264952626598642382
-2250.34670684746606639237 122.28098464928913813310
-2259.97259663974909926765 122.20264952626598642382
-2253.68328846364829587401 122.16842015851985081554
-2255.15965174360735545633 122.24179529450529457790
-2255.15965174360735545633 122.24179529450529457790
-2258.30430583165798452683 122.25890477536714229245
-2256.63601502356686978601 122.31517045191051806796
-2258.30430583165798452683 122.25890477536714229245
-2261.44895991970861359732 122.27602563655906919848
-2255.15965174360735545633 122.24179529450529457790
-2258.30430583165798452683 122.25890477536714229245
-2261.44895991970861359732 122.27602563655906919848
-2259.78066911161704410915 122.33228042281994873974
-2261.44895991970861359732 122.27602563655906919848
-2261.44895991970861359732 122.27602563655906919848
-2262.92532319966767317965 122.34940176709731929350
-2256.63601502356686978601 122.31517045191051806796
-2258.30430583165798452683 122.25890477536714229245
-2259.78066911161704410915 122.33228042281994873974
-2259.78066911161704410915 122.33228042281994873974
-2259.78066911161704410915 122.33228042281994873974
-2259.78066911161704410915 122.33228042281994873974
-2258.30430583165798452683 122.25890477536714229245
-2262.92532319966767317965 122.34940176709731929350
-2256.63601502356686978601 122.31517045191051806796
-2258.30430583165798452683 122.25890477536714229245
-2255.15965174360735545633 122.24179529450529457790
-2252.01499765555718113319 122.22469719875272176068
-2255.15965174360735545633 122.24179529450529457790
-2253.49136093551624071551 122.29807185914258127468
-2253.49136093551624071551 122.29807185914258127468
-2258.30430583165798452683 122.25890477536714229245
-2258.30430583165798452683 122.25890477536714229245
-2259.78066911161704410915 122.33228042281994873974
-2256.63601502356686978601 122.31517045191051806796
-2261.44895991970861359732 122.27602563655906919848
-2259.78066911161704410915 122.33228042281994873974
-2290.84335493585604126565 122.76308666437321903686
-2313.75651424777197462390 123.34567762571553828366
-2333.52501947163636941696 123.91117329392216106498
-2373.44588497563063356210 124.78372318244289829181
-2400.59620659929169050884 125.71656293366203271944
-2440.51707210328595465398 126.59017257140483536659
-2458.61728651906014420092 127.21232977410802789109
-2500.01451530301301318104 128.16025554882997994355
-2522.73574708679734612815 128.87369489381094922464
-2537.88323494265296176309 129.34937911133238230832
-2543.78868806248920009239 129.64294474765677023242
-2548.21777790236683358671 129.86311899362732447116
-2551.17050446228449800401 130.00990183314678461102
-2558.93617591834481572732 130.11867584873090208930
-2575.94388211042314651422 130.40974383851528273226
-2577.22831786225060568540 130.61218095003022199307
-2584.99398931831092340872 130.72106227800611577550
-2611.24373024640817675390 131.19474484080851084400
-2628.05950891035490712966 131.61521044897403953655
-2637.10961611824177452945 131.92663678102579183360
-2646.15972332612909667660 132.23807373997303216129
-2658.54641215019819355803 132.43851787583736268061
-2666.12015607812645612285 132.67660353086290569991
-2675.36219081414492393378 132.85923378058703292481
-2689.22524291817308039754 133.13325594329506884606
-2696.79898684610134296236 133.37140289008502236356
-2709.18567567017043984379 133.57215408952399116060
-2718.23578287805776199093 133.88373395790063113964
-2730.43054417399525846122 134.21335229712039449623
-2741.34086971810484101297 134.34089161614545560042
-2742.81723299806390059530 134.41428406023257480228
-2752.05926773408327790094 134.59721678037769265757
-2758.15664838205157138873 134.76209020345726230516
-2770.54333720612157776486 134.96320095800194849289
-2776.64071785408941650530 135.12811340033442775166
-2781.06980769396750474698 135.34828874306711554709
-2782.54617097392656432930 135.42168052659260979453
-2784.02253425388607865898 135.49507231142189311868
-2785.49889753384513824130 135.56846409755283389131
-2785.49889753384513824130 135.56846409755283389131
-2793.26456898990454646992 135.67814162327866256419
-2807.12762109393270293367 135.95281857221598897922
-2813.22500174190190591617 136.11778795611076020577
-2819.51430991800270930980 136.15419190865068799212
-2825.61169056597054805025 136.31918991207197677795
-2841.14303347809072874952 136.53893508580301840993
-2855.00608558211933996063 136.81392997695681401638
-2862.57982951004669303074 137.05239219299366482119
-2871.62993671793401517789 137.36425203660269289685
-2894.92695108611360410578 137.69444051986133104037
-2903.97705829400047150557 138.00636138441856815007
-2903.78513076586841634708 138.13476648865631091212
-2911.74272975005942498683 138.11651807865973751177
-2925.60578185408849094529 138.39190359640048200163
-2948.71086869413556996733 138.85106313415900558539
-2967.19493816617341508390 139.21855476321604783152
-2974.96060962223373280722 139.32897176094732571983
-2976.43697290219279238954 139.40235484775240593081
-2976.43697290219279238954 139.40235484775240593081
-2976.24504537406119197840 139.53060053134254303586
-2974.57675456596962249023 139.58547336364674151810
-2972.90846375787850774941 139.64035642980979901040
-2969.76380966982833342627 139.62186535834817391333
-2979.58162699024342146004 139.42088561664215262681
-2972.90846375787850774941 139.64035642980979901040
-2989.91616994995729328366 139.93456528971981356335
-3019.50249249423677611048 140.30327872381974430027
-3037.98656196627462122706 140.67130508986389259007
-3066.09652123059595396626 140.96752329039071582883
-3084.38866317450174392434 141.46397389840760183688
-3101.39636936658052945859 141.75915271679593843146
-3105.82545920645861770026 141.97927127835814076207
-3115.06749394247708551120 142.16359661500123934275
-3122.64123787040534807602 142.40251527201814951695
-3125.40203690219095733482 142.67720139527497735799
-3130.21498179833270114614 142.64144075091638796948
-3134.83599916634238979896 142.73363132136842068576
-3135.02792669447444495745 142.60571925907504464703
-3133.16770835825127505814 142.78818331838604649420
-3138.17258078252461928059 142.62455812498473051164
-3138.17258078252461928059 142.62455812498473051164
-3131.49941755016016031732 142.84274556560600899502
-3141.31723487057524835109 142.64340631044876772648
-3131.69134507829176072846 142.71481202349167460852
-3100.62865925405321831931 142.27109453521703130718
-3061.41644691748979312251 141.97349128113555138953
-3060.13201116566324344603 141.77198825255507586007
-3034.97477846126048461883 141.62317180648543057941
-2967.84453438850869133603 140.90522654821901937794
-2951.02875572456196096027 140.48317503864868172059
-2940.11843018045146891382 140.35475716694512016147
-2930.68446791630094594439 140.29981360601655637765
-2904.05087193193912753486 140.08033036624223655053
-2896.47712800401086497004 139.84193993432887737072
-2896.66905553214292012854 139.71337771200177257924
-2888.51952901981894683558 139.86073260733624579188
-2890.18781982791006157640 139.80553129029794945382
-2895.00076472405135064037 139.76854925058316325703
-2893.52440144409229105804 139.69515856925761454477
-2891.85611063600117631722 139.75033994033390172262
-2890.18781982791006157640 139.80553129029794945382
-2895.00076472405135064037 139.76854925058316325703
-2891.85611063600117631722 139.75033994033390172262
-2890.18781982791006157640 139.80553129029794945382
-2896.66905553214292012854 139.71337771200177257924
-2898.14541881210197971086 139.78676823769163206634
-2893.52440144409229105804 139.69515856925761454477
-2898.14541881210197971086 139.78676823769163206634
-2890.18781982791006157640 139.80553129029794945382
-2895.00076472405135064037 139.76854925058316325703
-2888.51952901981894683558 139.86073260733624579188
-2896.47712800401086497004 139.84193993432887737072
-2894.80883719591975022922 139.89712161095209808082
-2890.18781982791006157640 139.80553129029794945382
-2895.00076472405135064037 139.76854925058316325703
-2891.66418310786912115873 139.87892227197551164863
-2891.66418310786912115873 139.87892227197551164863
-2889.99589229977800641791 139.93412373116788671723
-2889.99589229977800641791 139.93412373116788671723
-2898.14541881210197971086 139.78676823769163206634
-2896.47712800401086497004 139.84193993432887737072
-2894.80883719591975022922 139.89712161095209808082
-2895.00076472405135064037 139.76854925058316325703
-2895.00076472405135064037 139.76854925058316325703
-2890.18781982791006157640 139.80553129029794945382
-2896.28520047587880981155 139.97051244964589500341
-2893.14054638782863548840 139.95231325575628034130
-2893.33247391596023589955 139.82373077451359222323
-2893.14054638782863548840 139.95231325575628034130
-2893.14054638782863548840 139.95231325575628034130
-2893.52440144409229105804 139.69515856925761454477
-2896.28520047587880981155 139.97051244964589500341
-2893.33247391596023589955 139.82373077451359222323
-2899.81370962019309445168 139.73160653286186061450
-2893.33247391596023589955 139.82373077451359222323
-2893.33247391596023589955 139.82373077451359222323
-2896.66905553214292012854 139.71337771200177257924
-2894.80883719591975022922 139.89712161095209808082
-2899.81370962019309445168 139.73160653286186061450
-2896.66905553214292012854 139.71337771200177257924
-2894.80883719591975022922 139.89712161095209808082
-2896.66905553214292012854 139.71337771200177257924
-2889.99589229977800641791 139.93412373116788671723
-2899.81370962019309445168 139.73160653286186061450
-2898.14541881210197971086 139.78676823769163206634
-2895.00076472405135064037 139.76854925058316325703
-2895.00076472405135064037 139.76854925058316325703
-2893.33247391596023589955 139.82373077451359222323
-2890.18781982791006157640 139.80553129029794945382
-2893.33247391596023589955 139.82373077451359222323
-2755.92733168240692975814 138.38723056930251686936
-2581.93790556104067945853 135.98075816963060447051
-2430.15298558415906882146 133.58423473648983303974
-2311.09904223960757008172 131.57258450027308072094
-2187.42408152704729218385 129.48049503072135735238
-2074.85137388672819724889 127.38957256325235789518
-1976.52557340670250596304 125.31247600699678912406
-1853.42639527853657455125 122.85542992064408451824
-1735.14016204651352381916 120.36568948592471883785
-1642.39501657515643273655 117.74116542487257675020
-1523.20820264757048789761 114.79977506101003825734
-1435.27600207235468587896 112.14212172750478657690
-1356.77776376129008895077 109.53107823510356411134
-1319.67675423417881575006 107.83779838280918283999
-1309.91799385886065465456 106.93083686336156290508
-1217.88150155493462989398 104.92989540764760647562
-1084.12298235588855277456 101.16146590347361211570
-1018.58721545328899082961 98.35487085407466167908
-1017.55376417469040006836 96.88430866468245028500
-1034.04474472747006075224 96.42056131406978636278
-1037.57325387178411801870 96.16902520251079522495
-1037.57325387178411801870 96.16902520251079522495
-1037.57325387178411801870 96.16902520251079522495
-994.31580675160785176558 95.45439387700717759344
-890.46840820800889559905 92.89407261632790380190
-866.13794256123082959675 91.12739022872622740579
-808.88457275399036916497 89.16296326476532385641
-748.87040391496384472703 86.92337008397453246289
-715.10597600403480100795 85.12169365416971800187
-662.85747862106836691964 82.98300394178157546321
-603.41909236643732583616 80.35158749764762831092
-536.21503465574710389774 77.62838730444966017785
-505.59526083286857556232 75.84369361413450860709
-462.97265324218437854142 73.61540574852989493593
-402.05790370759450524929 70.92395336621865453708
-338.19042761308656963593 68.09340866015924120802
-291.90644029505307344152 65.12353018211139499272
-249.85961528876512716124 62.50548864826265571537
-225.72107717011908789573 60.61682722664459532780
-188.10334200370854773610 58.21785314210556805392
-146.24844452555268503602 55.47298558921261246724
-119.34910737512039702324 53.31175538397833690851
-78.77864564879151032528 50.77817519912430554996
-8.68091832327941936853 46.82832971963284762751
59.11367866464908615853 41.28689166874679017383
92.75999268538467390499 37.24763787239880485913
124.92994342616108838229 33.28682170505269510841
153.05465938332406494737 29.81331157424433087044
167.50825076459042861643 26.70572869505969038073
203.20671064968109931215 23.04677898928994750349
231.13949907871199229703 19.49194057610343122633
257.02014164338777391094 15.65125895129428634789
273.33395136087733590102 12.85488507791976253714
265.25823848649224601104 10.59480291420076980557
248.38340287744878764897 9.80081596816870792566
235.22900394085158382040 9.39539126353653308854
230.22413151657815433282 9.19548932175915822995
226.88754990039586800776 9.06222136057424521027
222.07460500425440841354 8.99014288995098986845
223.55096828421358168271 8.92895339938932863788
221.88267747612243852018 8.86231941879687212804
221.88267747612243852018 8.86231941879687212804
221.88267747612243852018 8.86231941879687212804
221.88267747612243852018 8.86231941879687212804
220.21438666803129535765 8.79568543820441384185
220.21438666803129535765 8.79568543820441384185
220.21438666803129535765 8.79568543820441384185
226.50369484413189979932 8.80713388368713445686
217.06973257998097892596 8.79024303967631048806
220.21438666803129535765 8.79568543820441384185
218.54609585994012377341 8.72905145761195555565
220.21438666803129535765 8.79568543820441384185
220.21438666803129535765 8.79568543820441384185
226.50369484413189979932 8.80713388368713445686
220.21438666803129535765 8.79568543820441384185
220.21438666803129535765 8.79568543820441384185
223.35904075608158336763 8.80131583973168929447
223.35904075608158336763 8.80131583973168929447
220.21438666803129535765 8.79568543820441384185
220.21438666803129535765 8.79568543820441384185
223.35904075608158336763 8.80131583973168929447
217.06973257998097892596 8.79024303967631048806
217.06973257998097892596 8.79024303967631048806
220.21438666803129535765 8.79568543820441384185
217.06973257998097892596 8.79024303967631048806
220.21438666803129535765 8.79568543820441384185
213.92507849193066249427 8.78498899355723672500
223.35904075608158336763 8.80131583973168929447
217.06973257998097892596 8.79024303967631048806
220.21438666803129535765 8.79568543820441384185
217.06973257998097892596 8.79024303967631048806
220.21438666803129535765 8.79568543820441384185
220.21438666803129535765 8.79568543820441384185
220.21438666803129535765 8.79568543820441384185
263.47183378820778898444 8.39424393164087945252
286.70979121129050781747 7.27799778752409753935
301.79822212204948073122 6.08523289957157054175
316.69472550467651217332 5.03469669905668837373
349.30758824681350915853 4.49444877926077523966
372.67841625293158358545 5.17716823190704289459
408.95265872241822080468 7.46609594129325060408
428.60305005609001227640 9.80644689324880403092
450.30558725411697196250 12.06803218962418178251
458.33699987624737559599 13.99580733857474079684
475.99430229066081210476 15.91331454868169359429
486.07786077714627026580 17.60986705905352422974
517.59821529558814745542 19.84304408704928235352
551.49551378955231939472 22.60873568175574632733
587.76975625903901345737 25.91265186704290002240
627.18865281657599553000 29.24570775568586000759
601.20465305454877125158 30.71832043036502923883
591.90356137343314912869 31.64470907913893782393
598.70959518883307737269 32.40034599555470862242
640.62354961208586701105 34.06628563202966120116
710.01262377016678328800 37.51528506827615672137
806.87681766307582620357 42.74691869377239328287
899.82864735540670153568 48.47947407064521030406
990.92025871151440696849 54.39877528882060886417
1031.18067901951803833072 59.32820787690290842420
1044.15790712082525715232 62.34907623952395994138
1085.43702201458563649794 65.51856632299983118628
1168.11336569229865745001 69.62434119531522469515
1250.02199925748436726280 74.25184251521896783288
1306.25667447896807971119 78.02392999629759628988
1352.15680674073746558861 81.28290985846885519095
1416.92486353080926164694 84.63930435224695258967
1449.53772627294620178873 87.23844067227426535283
1521.17087382351428459515 90.23628891855788936027
1620.33819805400685254426 93.90405520306435960265
1710.07156002034889752395 97.52416210653316852586
1805.71037510652786295395 101.43892606309684367716
1886.39362986498258578649 104.75102344345069127485
1964.12415806351918945438 107.91711472682132466616
2070.15657305450895364629 111.23800043651236535425
2220.73087091750176114147 115.52605580837040122333
2406.41308938834754371783 120.73523376701672304989
2544.40877089913965392043 124.96588140116215015496
2665.78060127411708890577 128.65012868025772263536
2775.53345293755228340160 131.62167846831988526901
2869.94688921700071659870 134.24702093517262824207
2902.81073643236595671624 135.60499637064259559338
2922.38731412809920584550 136.30255566356024132801
2929.76913052789495850448 136.66946387055199352289
2932.72185708781353241648 136.81622723854871992444
2941.96389182383290972211 137.00014276704845883614
2935.67458364773210632848 136.96299065499644598276
2940.29560101574179498130 137.05494320306794975295
2945.10854591188262929791 137.01873348390935802854
2943.44025510379105980974 137.07352379619658222509
2940.29560101574179498130 137.05494320306794975295
2943.44025510379105980974 137.07352379619658222509
2940.29560101574179498130 137.05494320306794975295
2943.44025510379105980974 137.07352379619658222509
2943.44025510379105980974 137.07352379619658222509
2940.29560101574179498130 137.05494320306794975295
2944.91661838375057413941 137.14690483814194976731
2941.77196429569994506892 137.12832459580729960180
2944.91661838375057413941 137.14690483814194976731
2944.91661838375057413941 137.14690483814194976731
2948.06127247180120320991 137.16549484277464898696
2943.44025510379105980974 137.07352379619658222509
2941.77196429569994506892 137.12832459580729960180
2938.62731020765068024048 137.10975411973953441702
2944.91661838375057413941 137.14690483814194976731
2941.77196429569994506892 137.12832459580729960180
2944.91661838375057413941 137.14690483814194976731
2937.15094692769116591080 137.03637238134078302210
2941.77196429569994506892 137.12832459580729960180
2941.77196429569994506892 137.12832459580729960180
2941.77196429569994506892 137.12832459580729960180
2941.77196429569994506892 137.12832459580729960180
2938.62731020765068024048 137.10975411973953441702
2935.48265611960005116998 137.09119341390743329612
2938.62731020765068024048 137.10975411973953441702
2941.77196429569994506892 137.12832459580729960180
2944.91661838375057413941 137.14690483814194976731
2943.44025510379105980974 137.07352379619658222509
2946.58490919184168888023 137.09211415675363809896
2938.62731020765068024048 137.10975411973953441702
2944.91661838375057413941 137.14690483814194976731
2944.91661838375057413941 137.14690483814194976731
2941.77196429569994506892 137.12832459580729960180
2941.77196429569994506892 137.12832459580729960180
2944.91661838375057413941 137.14690483814194976731
2941.77196429569994506892 137.12832459580729960180
2941.77196429569994506892 137.12832459580729960180
2941.77196429569994506892 137.12832459580729960180
2944.91661838375057413941 137.14690483814194976731
2944.91661838375057413941 137.14690483814194976731
2941.77196429569994506892 137.12832459580729960180
2941.77196429569994506892 137.12832459580729960180
2941.77196429569994506892 137.12832459580729960180
2944.91661838375057413941 137.14690483814194976731
2948.06127247180120320991 137.16549484277464898696
2941.77196429569994506892 137.12832459580729960180
2941.77196429569994506892 137.12832459580729960180
2941.77196429569994506892 137.12832459580729960180
2944.91661838375057413941 137.14690483814194976731
2941.77196429569994506892 137.12832459580729960180
2944.91661838375057413941 137.14690483814194976731
2944.91661838375057413941 137.14690483814194976731
2944.91661838375057413941 137.14690483814194976731
2944.91661838375057413941 137.14690483814194976731
2941.77196429569994506892 137.12832459580729960180
2948.06127247180120320991 137.16549484277464898696
2944.91661838375057413941 137.14690483814194976731
2944.91661838375057413941 137.14690483814194976731
2944.91661838375057413941 137.14690483814194976731
2944.91661838375057413941 137.14690483814194976731
2941.77196429569994506892 137.12832459580729960180
2944.91661838375057413941 137.14690483814194976731
2948.06127247180120320991 137.16549484277464898696
2949.53763575176026279223 137.23887554195133020585
2968.21363275193016306730 137.47872774097655224068
3007.04199003222902319976 138.03251226361419412569
3040.86547488825453910977 138.75088491791834144351
3070.06794237627127586165 139.37744848268903297139
3093.17302921631790013635 139.83867766708115709662
3109.98880788026463051210 140.26224819135202892539
3120.70720589624352214742 140.52021271667524615623
3123.65993245616209605942 140.66694181346707637204
3120.51527836811146698892 140.64800417386024378175
3125.13629573612024614704 140.74030640634470046280
3125.13629573612024614704 140.74030640634470046280
3123.46800492802913140622 140.79473444028465678457
3128.28094982417087521753 140.75925293807688376546
3128.28094982417087521753 140.75925293807688376546
3125.13629573612024614704 140.74030640634470046280
3125.13629573612024614704 140.74030640634470046280
3125.13629573612024614704 140.74030640634470046280
3128.28094982417087521753 140.75925293807688376546
3126.61265901607976047671 140.81367102881509367762
3123.46800492802913140622 140.79473444028465678457
3126.61265901607976047671 140.81367102881509367762
3120.32335083997986657778 140.77580726872355398882
3125.13629573612024614704 140.74030640634470046280
3125.13629573612024614704 140.74030640634470046280
3123.46800492802913140622 140.79473444028465678457
3126.61265901607976047671 140.81367102881509367762
3128.28094982417087521753 140.75925293807688376546
3123.46800492802913140622 140.79473444028465678457
3129.75731310412993479986 140.83261703051618951577
3126.61265901607976047671 140.81367102881509367762
3126.61265901607976047671 140.81367102881509367762
3131.42560391222104954068 140.77820888394205667282
3126.61265901607976047671 140.81367102881509367762
3129.75731310412993479986 140.83261703051618951577
3128.28094982417087521753 140.75925293807688376546
3125.13629573612024614704 140.74030640634470046280
3012.69645867883764367434 139.55197897594601386118
2844.42055814917557654553 137.53041191986841340622
2678.00487595573849830544 135.34477486307497429152
2535.27006318674375506816 133.24426043876960079615
2416.02419231406020116992 131.35026750452635724287
2310.83330107353685889393 129.60619093882007746288
2238.56531399347613842110 128.10849358553676324846
2156.86336464926534972619 126.56438496311149322082
2064.25108976094361423748 124.90262746361023005193
2015.28011704906248269253 123.73148023475489765133
1949.10951061697073782852 122.40885501563965931382
1867.59948880089064005006 120.74909366202442129179
1811.24669968921398321982 119.21732244183141347094
1733.07325948931634229666 117.44878692731029445895
1672.09945300962999681360 115.83280305448926128520
1603.35997507388333360723 114.11585735180419476364
1565.87511049050840483687 112.68125933966366858385
1515.61970202680026886810 111.31968244191698147461
1469.98531093110136680480 110.04731404931364124877
1393.86401659555895093945 107.97344900550919533089
1328.65304780412702712056 106.01886369909935581290
1248.10266362870765988191 103.73312820059011585272
1200.47518361375000495173 101.66222600801866349229
1129.55068923061321584100 99.29159651410188303089
1084.68400824744230703800 97.50142349997082646951
1021.52518532036526721640 95.23533531973968990769
946.17160109735118567187 92.65470413754748335577
895.78332205060769410920 90.31342576629256768683
825.05075519560284647014 87.82493387202505630285
742.50728210092461267777 84.75995064640252962818
674.01878863840693156817 81.82144589276846602388
585.95371748015611501614 78.21182590075142115893
509.18282692227927554995 74.44956224164414493316
417.26444850854716150934 70.23835018512518502121
331.82730579904733758667 65.92482306240913203510
258.96877944174877939076 61.66112698808620962154
198.68886943665145849991 57.44363053510224403908
124.73783485565778050841 52.85659899102326875209
84.80221265882144621173 48.77765935392150709049
29.33524754986572347093 44.52723779105496504371
-1.74219496721558875230 40.88426334166042863671
-31.34327420433761446361 37.31593751741004183486
-55.23082784975493098045 34.16830388813198027265
-97.02666838281427885704 30.31673874837041893215
-130.48105487541789671013 26.15941759180228842752
-183.70394659188659147731 21.52989497983708844231
-213.82175146830795142705 17.30753099534265615489
-236.17388488866947682254 13.21542740623793577015
-250.24362121367190070487 9.99509708886865233524
-215.40144177188983576343 8.72360977755214150875
-200.38682449906951887897 8.12391094880396025246
-193.71366126670491780715 7.85737847884406370724
-191.85344293048180475125 7.66290776813263363465
-185.37220722624920199451 7.52421323535324404475
-186.84857050620834684196 7.46300582635526055242
-191.46958787421783654281 7.40789122677372002812
-185.18027969811720367943 7.39637184576280315440
-183.51198889002606051690 7.32973786517034575638
-183.51198889002606051690 7.32973786517034575638
-183.51198889002606051690 7.32973786517034575638
-180.36733480197574408521 7.32431429273028022919
-183.51198889002606051690 7.32973786517034575638
-186.65664297807637694859 7.33538704071831126896
-183.51198889002606051690 7.32973786517034575638
-183.51198889002606051690 7.32973786517034575638
-186.65664297807637694859 7.33538704071831126896
-186.65664297807637694859 7.33538704071831126896
-178.69904399388460092268 7.25768134856999758142
-181.84369808193491735437 7.26310388457788658201
-184.98835216998523378606 7.26875409341706379962
-181.84369808193491735437 7.26310388457788658201
-178.69904399388460092268 7.25768134856999758142
-181.84369808193491735437 7.26310388457788658201
-184.98835216998523378606 7.26875409341706379962
-181.84369808193491735437 7.26310388457788658201
-184.98835216998523378606 7.26875409341706379962
-188.13300625803555021776 7.27463144458683963478
-184.98835216998523378606 7.26875409341706379962
-183.51198889002606051690 7.32973786517034575638
-178.69904399388460092268 7.25768134856999758142
-181.84369808193491735437 7.26310388457788658201
-178.69904399388460092268 7.25768134856999758142
-181.84369808193491735437 7.26310388457788658201
-183.51198889002606051690 7.32973786517034575638
-178.69904399388460092268 7.25768134856999758142
-184.98835216998523378606 7.26875409341706379962
-184.98835216998523378606 7.26875409341706379962
-181.84369808193491735437 7.26310388457788658201
-178.69904399388460092268 7.25768134856999758142
-178.69904399388460092268 7.25768134856999758142
-232.67488913003924722034 6.71182208758128595605
-296.35043769641544031401 4.90063781434299894357
-320.04606381370081180648 4.10501230194898436565
-341.55667348359577317751 5.19406315905863991134
-351.25637691381734839524 6.60852526284639996135
-351.71404560801994421126 8.09388875271202223871
-368.27883979873814723760 9.61582786502072828227
-396.46261270099762441532 11.87611279402257480342
-389.53846499540446757237 13.24116052504403562295
-408.15540505047772512626 14.56002458665273557870
-455.72382812033845311817 17.72227994208595802661
-486.47647252625233704748 20.47107503287882579457
-495.79232090020991563506 22.71504550239412623114
-505.87587938669537379610 24.45677908226115349066
-525.20147260920009557594 26.38573436421733120483
-548.95615567158188241592 28.53729318542232817890
-554.22676926192605151300 30.32881571099496653687
-557.31236640487975364522 31.45784933603102828670
-571.11636156381143791805 32.84155775797076159961
-581.58377510656112008292 34.33969170639181101023
-592.24311617744263003260 35.70848851038594773399
-587.94689692060035213217 36.47563750953507621944
-609.70849106372384085262 37.83626329216834704994
-626.65714031070604050910 39.23834604420255089963
-640.26920794150589699711 40.75553875378967205734
-649.45218573242811999080 42.05340617382870505025
-666.78469003567420259060 43.19423583584491410647
-689.83071993062492310855 44.75897516339142612196
-711.01653148935258741403 46.51232894208141743775
-751.97084827194544232043 48.82513634028313020963
-769.82007821449087714427 50.69394628110968170631
-798.38770617301429410873 52.81367000051282190043
-826.76340660340588328836 55.06447484946240678028
-855.33103456192907287914 57.18429367959497966467
-887.04331660850311891409 59.31950591841530950887
-924.66105177491351696517 61.74761620347840107570
-992.95761770929925660312 64.85447472935791779491
-1055.67352863501560022996 68.52787550813631867186
-1061.84472292092300449440 70.80104204403313872263
-1081.55417119969138184388 72.48152936132157719840
-1110.50565421447890912532 74.33921746662100815684
-1177.51778439703730327892 77.24163436901125123768
-1221.42482773954839103681 79.70087510033228284101
-1283.81594055409755128494 82.51577357712081095542
-1376.88588413662159837259 86.01267595973305901680
-1460.13801039873078480014 89.72519420532738365637
-1567.77965925271519154194 94.08997005919951561737
-1698.52639494674622255843 98.90583404962859503939
-1839.79960112862363530439 104.10921097119543787812
-1996.79607775075260178710 109.40151110814487367406
-2182.99502186089830502169 115.31710456632505668040
-2412.64334061935187492054 121.87611647018181315616
-2588.31581424165096905199 127.42517199914688319495
-2797.67890213693999612588 132.72248238774886885949
-2977.45566748794954037294 137.66278838135346518357
-3031.18052815087503404357 139.92013120369318812664
-3064.62015795063643963658 140.89414765495078540880
-3069.94982848607742198510 141.57179692589306796435
-3088.81775301437983216601 141.68409747992737379718
-3080.47629897392425846192 141.95737341996067470973
-3086.95753467815666226670 141.86675255562235520301
-3088.62582548624777700752 141.81210717210390725995
-3086.76560715002415236086 141.99478406971789468116
-3080.47629897392425846192 141.95737341996067470973
-3081.95266225388331804425 142.03075012821796008211
-3086.76560715002415236086 141.99478406971789468116
-3086.76560715002415236086 141.99478406971789468116
-3091.38662451803384101368 142.08687898267069726899
-3085.28924387006554752588 141.92140818403265711822
-3089.71833370994272627286 142.14153589406251398941
-3083.42902553384192287922 142.10412685328847715027
-3088.24197042998321194318 142.06815997307029419972
-3094.72320613421607049531 141.97759585577719576577
-3091.57855204616544142482 141.95885723835243652502
-3093.24684285425655616564 141.90422123327959980088
-3086.57367962189209720236 142.12282667908587541206
-3091.57855204616544142482 141.95885723835243652502
-3096.39149694230718523613 141.92296966391194246171
-3093.24684285425655616564 141.90422123327959980088
-3096.39149694230718523613 141.92296966391194246171
-3094.72320613421607049531 141.97759585577719576577
-3086.57367962189209720236 142.12282667908587541206
-3094.72320613421607049531 141.97759585577719576577
-3102.68080511840798862977 141.96049469017319211162
-3093.24684285425655616564 141.90422123327959980088
-3091.38662451803384101368 142.08687898267069726899
-3091.38662451803384101368 142.08687898267069726899
-3099.53615103035781430663 141.94172748411713769201
-3094.53127860608401533682 142.10560737877281667352
-3096.19956941417513007764 142.05097049724912494639
-3094.53127860608401533682 142.10560737877281667352
-3089.71833370994272627286 142.14153589406251398941
-3099.34422350222575914813 142.06971807900652038370
-3089.71833370994272627286 142.14153589406251398941
-3096.19956941417513007764 142.05097049724912494639
-3089.71833370994272627286 142.14153589406251398941
-3097.86786022226624481846 141.99634386175401346009
-3094.72320613421607049531 141.97759585577719576577
-3091.19469698990178585518 142.21491183266729763091
-3096.19956941417513007764 142.05097049724912494639
-3096.19956941417513007764 142.05097049724912494639
-3096.00764188604352966649 142.17898247672562206390
-3096.00764188604352966649 142.17898247672562206390
-3094.33935107795241492568 142.23363002438452440401
-3102.48887759027638821863 142.08847504086338631168
-3091.19469698990178585518 142.21491183266729763091
-3097.67593269413464440731 142.12434515766591403008
-3097.67593269413464440731 142.12434515766591403008
-3091.19469698990178585518 142.21491183266729763091
-3097.86786022226624481846 141.99634386175401346009
-3091.19469698990178585518 142.21491183266729763091
-3101.01251431031687388895 142.01510125256456262832
-3099.34422350222575914813 142.06971807900652038370
-3094.53127860608401533682 142.10560737877281667352
-3092.86298779799290059600 142.16025449451143458646
-3096.00764188604352966649 142.17898247672562206390
-3092.86298779799290059600 142.16025449451143458646
-3091.19469698990178585518 142.21491183266729763091
-3097.86786022226624481846 141.99634386175401346009
-3092.86298779799290059600 142.16025449451143458646
-3093.05491532612495575449 142.03223229930551951838
-3092.86298779799290059600 142.16025449451143458646
-3094.33935107795241492568 142.23363002438452440401
-3092.86298779799290059600 142.16025449451143458646
-3096.00764188604352966649 142.17898247672562206390
-3097.86786022226624481846 141.99634386175401346009
-3096.00764188604352966649 142.17898247672562206390
-3091.19469698990178585518 142.21491183266729763091
-3094.72320613421607049531 141.97759585577719576577
-3094.33935107795241492568 142.23363002438452440401
-3097.86786022226624481846 141.99634386175401346009
-3088.05004290185161153204 142.19620302168678449561
-3092.86298779799290059600 142.16025449451143458646
-3094.33935107795241492568 142.23363002438452440401
-3091.19469698990178585518 142.21491183266729763091
-3092.86298779799290059600 142.16025449451143458646
-3094.33935107795241492568 142.23363002438452440401
-3096.00764188604352966649 142.17898247672562206390
-3097.67593269413464440731 142.12434515766591403008
-3094.33935107795241492568 142.23363002438452440401
-3094.33935107795241492568 142.23363002438452440401
-3093.05491532612495575449 142.03223229930551951838
-3086.38175209376049679122 142.25088035376512607399
-2982.28336907693255852791 140.79555183630853321120
-2978.94678746075032904628 140.90545700843122745027
-2919.96606990032205430907 140.04306414588572238245
-2740.58791629841971371206 138.04023410556516182623
-2521.48082472065334513900 135.06095534736286367661
-2315.52813207948565832339 131.79263881092839483244
-2234.01811026340556054492 130.11735474418478020198
-2203.53120702356227411656 129.30179369582859294496
-2160.27375990338623523712 128.55165013788865735478
-2143.64990876757156001986 128.00583960993358800806
-2109.63449638341398895136 127.43620390907321393570
-2055.65865124725951318396 126.43668681770951423005
-1952.13605081482728564879 124.66329885524929466101
-1911.12267708713807223830 123.47028550509364208665
-1863.62806765521622764936 122.37787611419351208042
-1792.83644385511502150621 120.97504697079857294284
-1725.57332919932764525583 119.32833779814995978086
-1723.38831275193660985678 118.65699935375340601240
-1711.19355145599956813385 118.33393498316537773007
-1682.18301149611556866148 117.59981027300484868192
-1589.57073660779406054644 115.96997811899058206109
-1498.11002688826442863501 113.55718210181687766180
-1459.14879902492975816131 112.05215091205921851270
-1368.97252505722713067371 109.85139102435557845183
-1280.84839695387995561759 107.33340197292255879802
-1240.79466086685056325223 105.49549794126069457434
-1217.36477591563561873045 104.19616014985089691436
-1202.60114311604411341250 103.46673166130042886834
-1177.11911230047394383291 102.49125116929266710031
-1130.00835792481575481361 101.15684780802817499534
-1055.17149934110125286679 99.30749783525851626109
-1032.12546944615041866200 97.74494961889843125391
-1001.12184056700778000959 96.21590852835653606689
-969.54242910346954431589 95.08491184207483115642
-935.01029108001262102334 93.80912250269830110483
-894.38077240858729055617 92.37599818282268415714
-872.61917826546346077521 91.02001228232950325037
-810.55286356208159759262 89.10276783592897231756
-719.66793642694801746984 86.34275161465147618856
-632.88730102052431902848 82.93752040830112548520
-581.40651375008530976629 80.27056889159450747684
-543.59685105554308393039 77.98995883919745608637
-499.30595265676771532526 75.82130697994638524051
-445.96494705010570669401 73.35496151932608199786
-400.58154042763567304064 70.85185467854041974078
-350.57711643715572336077 68.26856285243373179128
-292.99894851874819323712 65.46273980544421533523
-229.70725500863602519530 62.24133164191472644688
-171.61236145092917126931 58.70623546353080968174
-101.70656165354894540087 54.60662393993052887708
-51.05254144073457212016 50.30010974460080319659
8.84351350809877700954 45.84335156005422362568
45.44255408875270774161 41.65418190456961866630
91.47555693355747052919 37.45195460085115968241
120.11699853001962878807 33.22866100516453968794
156.90796663880553296622 29.20321096053764975409
187.79348162775482933284 25.47240611262997234121
227.34524876832708173424 21.22442198545611091731
263.36850676458504949551 16.77139213727752675709
294.96267492096552587100 12.62491054066655671306
263.58994767840107442680 10.52816893360831507209
243.57045798130732805475 9.72856116649882096681
230.41605904471012422619 9.32330950638153943544
228.55584070848701117029 9.12885534116670349647
228.36391318035504127693 9.00121569520729991609
226.69562237226389811440 8.93458239967574385787
221.88267747612243852018 8.86231941879687212804
221.88267747612243852018 8.86231941879687212804
220.21438666803129535765 8.79568543820441384185
220.21438666803129535765 8.79568543820441384185
226.50369484413189979932 8.80713388368713445686
218.54609585994012377341 8.72905145761195555565
218.54609585994012377341 8.72905145761195555565
218.54609585994012377341 8.72905145761195555565
215.40144177188983576343 8.72360977755214150875
215.40144177188983576343 8.72360977755214150875
218.54609585994012377341 8.72905145761195555565
215.40144177188983576343 8.72360977755214150875
218.54609585994012377341 8.72905145761195555565
215.40144177188983576343 8.72360977755214150875
221.69074994799044020510 8.73468257579397366897
218.54609585994012377341 8.72905145761195555565
218.54609585994012377341 8.72905145761195555565
218.54609585994012377341 8.72905145761195555565
218.54609585994012377341 8.72905145761195555565
218.54609585994012377341 8.72905145761195555565
218.54609585994012377341 8.72905145761195555565
218.54609585994012377341 8.72905145761195555565
218.54609585994012377341 8.72905145761195555565
218.54609585994012377341 8.72905145761195555565
213.92507849193066249427 8.78498899355723672500
215.40144177188983576343 8.72360977755214150875
218.54609585994012377341 8.72905145761195555565
218.54609585994012377341 8.72905145761195555565
221.69074994799044020510 8.73468257579397366897
218.54609585994012377341 8.72905145761195555565
221.69074994799044020510 8.73468257579397366897
218.54609585994012377341 8.72905145761195555565
218.54609585994012377341 8.72905145761195555565
263.27990626007579066936 8.27070613725963177387
300.38091578718700702666 7.05496107525267568406
337.23094084106952550428 5.25835169172099980983
347.63929743872239441771 4.46780320752433457443
377.10750609280910339294 5.31457298644792253128
404.33164135440870268212 7.36848160390946915754
431.93963167227229860146 9.72638946649818159074
465.26114758184064612578 12.66521671980527941059
475.66950417949345819579 15.10710633402477753862
486.84557088967414983927 17.11304475875913055916
504.69480083221958466311 18.93420185772980701699
485.76781935882104335178 19.89089671362739863980
489.42919908617068358581 20.61768811434974324470
552.01223942885167161876 23.31581265999501795250
597.52851663435728823970 26.80905368720882719913
618.84719877612030813907 29.52036418640898673971
646.45518909398367668473 32.27501326475820775386
674.25510693997921407572 34.90457900729258255978
712.58149527382101950934 37.92097124511744965503
761.24242656737692414026 41.45253576785443527797
798.99303231682290515892 44.86133548307446261560
835.65112984257348216488 47.93861718754385492502
871.92537231206006254070 51.27744585262176002516
902.67801671797371909634 54.06360540904805134232
903.13568541217671281629 55.90681393909654417484
908.59822653065270969819 57.58011586668696679681
959.17843310552848379302 59.81022873994075439441
984.02562439160567464569 62.30565789840842683134
1061.37229753387805430975 65.72435803304391299662
1124.47206351585873562726 69.13725937233031970663
1210.29306128162215827615 73.25841455657389644784
1289.82475087128545965243 77.34781368777780130586
1369.35644046094853365503 81.43749940177102075722
1455.17743822671218367759 85.56018472004905106587
1570.00897595236006054620 90.42606202412032700977
1681.88778711808936350280 95.14699178246921462687
1856.98447815599274690612 101.06071283707656505158
1979.00590475330432127521 106.42939285146664474269
1975.16735419066435497371 109.02316498895984864248
1947.19026550937951469678 109.72413739150798051014
1932.36757576469108244055 110.10393759631057264414
1929.03099414850862558524 110.21733863373681572284
1928.83906662037679780042 110.34740433036857609750
1949.18335442863781281631 110.52074712550493984509
2007.78021693280220461020 111.61933482176173981770
2125.87452263669365493115 114.28552864431244984189
2254.11144377216714929091 117.60188224454824990062
2337.23069945124098012457 120.34568233175946261326
2425.35482755458815518068 122.92375114335352748185
2611.28803049866337460116 126.90824292220278834975
2762.24618341791983766598 130.96119685008289934558
2947.98745883386209243326 135.09753202306663411036
3046.82998495318815912469 137.94781786221253128133
3085.98314034465420263587 139.34401872370929709177
3100.93870067237821785966 139.94986304028279278100
3106.84415379221536568366 140.24332681923735322016
3112.94153444018320442410 140.40897921309618823216
3111.27324363209208968328 140.46342495012348194905
3115.89426100010177833610 140.55571034959504572726
3115.89426100010177833610 140.55571034959504572726
3119.03891508815240740660 140.57463908426655052608
3119.03891508815240740660 140.57463908426655052608
3117.37062428006129266578 140.62907596076527738660
3120.51527836811146698892 140.64800417386024378175
3123.65993245616209605942 140.66694181346707637204
3117.37062428006129266578 140.62907596076527738660
3117.37062428006129266578 140.62907596076527738660
3117.37062428006129266578 140.62907596076527738660
3123.65993245616209605942 140.66694181346707637204
3123.65993245616209605942 140.66694181346707637204
3120.51527836811146698892 140.64800417386024378175
3120.51527836811146698892 140.64800417386024378175
3121.99164164807098131860 140.72136929254807569123
3123.65993245616209605942 140.66694181346707637204
3120.51527836811146698892 140.64800417386024378175
3123.65993245616209605942 140.66694181346707637204
3118.84698756002035224810 140.70244160048963522058
3117.37062428006129266578 140.62907596076527738660
3118.84698756002035224810 140.70244160048963522058
3115.70233347197017792496 140.68352333397223219436
3121.99164164807098131860 140.72136929254807569123
3125.13629573612024614704 140.74030640634470046280
3121.99164164807098131860 140.72136929254807569123
2850.51793879714477952803 137.69539751504734681475
2576.85921949882867920678 134.06166526803403371559
2333.36260532918913668254 130.44678176708944761231
2168.29041583267508030985 127.41156184945651830276
2056.29349077675169610302 124.92751851464784351720
1940.95998410464699190925 122.56534928530500394572
1803.99775387245290403371 119.84144791034850641154
1635.26418464858943480067 116.11957172293789142259
1470.44297962530390577740 111.90512704727916570846
1307.67392046637360181194 107.38579566217026695085
1142.91177238818477235327 102.07745761925794170111
949.13908435011160236172 96.06817433011408979837
775.19395848100032253569 89.49859711667947692604
635.64810005231049672147 83.21551021215344690063
511.63358453574062423286 77.13833216071672893577
412.00859161104489203353 71.69567560219141455491
326.05472326224600010391 66.64409242399020172343
244.72187228145634207976 61.68344094685250666998
132.57731994965607213999 55.09735103301982661606
39.87647473055375257900 48.18606119283469269021
-29.71928364850112203044 41.69085601785720740509
-46.49076206019327628383 36.87750569615923268429
-160.05262072685584939791 29.19823073854961137386
-216.24299569608498927664 21.16599852454748997843
-228.77731179603159716862 16.77234761981929622721
-257.03489833622978721905 12.44906935211855980583
-240.23387636512504172970 9.59529320531390617077
-213.54122343566669428583 8.52914951583458247342
-200.19489697093752056389 7.99607767109492240110
-199.81104191467358077716 7.74104191427068233367
-194.80616949040012286787 7.54115129803183759094
-182.03562561006688724774 7.39094725557857668008
-186.65664297807637694859 7.33538704071831126896
-181.84369808193491735437 7.26310388457788658201
-180.17540727384377419185 7.19646990398543007217
-177.03075318579345776016 7.19104842361722607080
-180.17540727384377419185 7.19646990398543007217
-180.17540727384377419185 7.19646990398543007217
-180.17540727384377419185 7.19646990398543007217
-180.17540727384377419185 7.19646990398543007217
-180.17540727384377419185 7.19646990398543007217
-178.50711646575263102932 7.12983592339297178597
-180.17540727384377419185 7.19646990398543007217
-181.65177055380294746101 7.13548825670978459357
-175.36246237770231459763 7.12441551841089104613
-172.21780828965199816594 7.11922757151717355839
-180.17540727384377419185 7.19646990398543007217
-310.98119991297181741174 5.23675590118947020812
-363.82023657317660081389 4.92043832368758948803
-430.84712344857706511903 9.44142357492193795565
-490.30026639604983529352 14.91113620534954442576
-530.94454176031729275564 19.42713169268712647408
-539.62555060478223367681 23.11044633075646359543
-578.85251963418738796463 26.56801147152317810196
-629.69846737513364587358 30.75031175957167661750
-722.65029706746463489253 36.47831790582174704696
-754.95311839127634812030 41.41847827116655622604
-773.64387208428820486006 44.85817962398785851974
-834.49956467378160596127 48.71954874711722993652
-944.65102808632309461245 54.61053828110922125916
-1006.54017195441497278807 59.92124927302057102452
-1087.68109540707268934057 65.07020432378016039365
-1228.31946205945769179380 71.77573026791631605192
-1348.61354090358145185746 78.31021188435882152135
-1470.38398302766427150345 84.91816993131996582633
-1585.15646380821567618113 90.89931222467274096743
-1720.27323239702809587470 97.05423899311190893968
-1852.62920195405376944109 102.93379826888156003406
-1837.11261573477668207488 105.93003689449935222910
-1802.27043629299441818148 106.99467872651341338042
-1790.40047310822455983725 107.52444281642692658352
-1780.58265578780947180348 107.73676365987745384700
-1782.05901906776875875948 107.81007458882406524481
-1814.59806817196681549831 108.30635848557723477370
-1888.53434606011865071196 109.74174174188752317605
-2015.48683144376491327421 112.83877950553230107289
-2081.79030845889201373211 115.15776348729241362889
-2205.40621222635672893375 118.37754093863755144866
-2372.08763558586542785633 122.49466770276413285501
-2501.03320988876976116444 126.40867657940496826541
-2611.87856977590126916766 129.70333546346540742888
-2717.01040407132722975803 132.57842673177509595916
-2886.31975587958731921390 136.02550273977624328836
-3018.08518615937509821379 139.13166771253958131638
-3049.08881503851716843201 140.67258545234906819132
-3063.85244783810912849731 141.40635837095229021543
-3084.19673564637014351320 141.59198221230778358404
-3080.66822650205585887306 141.82932148092379520676
-3083.62095306197443278506 141.97607404550311116509
-3086.95753467815666226670 141.86675255562235520301
-3081.95266225388331804425 142.03075012821796008211
-3086.76560715002415236086 141.99478406971789468116
-3088.43389795811526710168 141.94012801319809113920
-3085.28924387006554752588 141.92140818403265711822
-3088.43389795811526710168 141.94012801319809113920
-3091.57855204616544142482 141.95885723835243652502
-3088.24197042998321194318 142.06815997307029419972
-3091.77047957429749658331 141.83084662978572509928
-3085.09731634193303762004 142.04945035368240269236
-3088.24197042998321194318 142.06815997307029419972
-3091.57855204616544142482 141.95885723835243652502
-3096.39149694230718523613 141.92296966391194246171
-3091.57855204616544142482 141.95885723835243652502
-3083.42902553384192287922 142.10412685328847715027
-3093.24684285425655616564 141.90422123327959980088
-3093.24684285425655616564 141.90422123327959980088
-3091.57855204616544142482 141.95885723835243652502
-3089.71833370994272627286 142.14153589406251398941
-3093.05491532612495575449 142.03223229930551951838
-3093.05491532612495575449 142.03223229930551951838
-3086.57367962189209720236 142.12282667908587541206
-3089.91026123807432668400 142.01350348889025099197
-3086.57367962189209720236 142.12282667908587541206
-3091.57855204616544142482 141.95885723835243652502
-3096.39149694230718523613 141.92296966391194246171
-3093.05491532612495575449 142.03223229930551951838
-3093.05491532612495575449 142.03223229930551951838
-3093.05491532612495575449 142.03223229930551951838
-3097.86786022226624481846 141.99634386175401346009
-3097.86786022226624481846 141.99634386175401346009
-3091.38662451803384101368 142.08687898267069726899
-3093.05491532612495575449 142.03223229930551951838
-3088.24197042998321194318 142.06815997307029419972
-3091.57855204616544142482 141.95885723835243652502
-3088.05004290185161153204 142.19620302168678449561
-3091.38662451803384101368 142.08687898267069726899
-3094.53127860608401533682 142.10560737877281667352
-3099.34422350222575914813 142.06971807900652038370
-3097.86786022226624481846 141.99634386175401346009
-3076.04720913404617022024 141.73724339632931901178
-2930.68446791630094594439 140.29981360601655637765
-2832.49153801930924601038 139.14869542802875912457
-2742.64006216277448402252 137.72669604806728216317
-2605.42684745735232354491 136.17597557878687553057
-2470.45770614441744328360 134.19477801433913555229
-2298.52042588740687278914 131.50599487563161460457
-2139.35368951072905474575 128.77203011561184098355
-1972.80513673425548404339 125.68904704856478815600
-1812.92974719014659967797 122.39342032196881859818
-1703.17689552671095043479 119.48535135082740055168
-1553.11932330301715410315 115.99854352557365189114
-1437.65294604787709431548 112.68367250261866274741
-1353.05732708884352177847 109.91284605426533005357
-1285.46941432188918952306 107.42025363475578103589
-1203.82652192277464564540 104.80225976037733914836
-1085.21549057958372941357 101.49914750166635712958
-959.99035294912516746990 97.31325738557933391348
-844.39110511094941102783 93.04385280526975066095
-765.95192374498128629057 89.32905564544384446890
-671.98139946689389034873 85.42590908007842642746
-575.05814862888792049489 81.38588383026055339542
-473.89773547913682705257 77.00542800814027089018
-367.21572426581280979008 72.08167806823203704880
-282.73821919697269322569 67.10867673193722282576
-203.07365902427420678578 62.09292478157689743057
-112.69070083559766715098 56.85593914793014391762
-44.32032126327324306203 51.69454483274384415381
14.42416851676802203031 46.43499398279709566850
71.50036748871838199193 41.12491941911818571498
113.04522354854911725397 35.99698478532456391576
159.40302450452131211023 30.94373870318690578074
203.90060712427035127803 25.72058033439252611174
248.39818974401939044583 20.54683729471713604653
282.17737434779030536447 15.66151017339190865130
295.67132808839681956670 12.04995203337943010524
261.72972934217796137091 10.33388346111417455120
241.90216717321618489223 9.66192718590636445697
236.70536722081075708957 9.33438231957461894694
228.55584070848701117029 9.12885534116670349647
226.69562237226389811440 8.93458239967574385787
221.88267747612243852018 8.86231941879687212804
217.06973257998097892596 8.79024303967631048806
220.21438666803129535765 8.79568543820441384185
218.54609585994012377341 8.72905145761195555565
221.69074994799044020510 8.73468257579397366897
218.54609585994012377341 8.72905145761195555565
215.40144177188983576343 8.72360977755214150875
215.40144177188983576343 8.72360977755214150875
216.87780505184898061088 8.66241747701949904581
213.73315096379866417919 8.65697652648822213450
215.40144177188983576343 8.72360977755214150875
216.87780505184898061088 8.66241747701949904581
216.87780505184898061088 8.66241747701949904581
216.87780505184898061088 8.66241747701949904581
220.02245913989929704258 8.66804932287449503292
216.87780505184898061088 8.66241747701949904581
216.87780505184898061088 8.66241747701949904581
216.87780505184898061088 8.66241747701949904581
216.87780505184898061088 8.66241747701949904581
220.02245913989929704258 8.66804932287449503292
216.87780505184898061088 8.66241747701949904581
220.02245913989929704258 8.66804932287449503292
249.41685415604734998851 8.41783735785895892434
295.75989841917748890410 7.08923515635234391397
336.13843261737434886527 5.44756516738412699397
354.12053314295496875275 4.56118613664308458766
390.97055819683754407379 5.57617900761136375820
437.19548856977445439043 8.60489606747160884481
483.22849141457930954857 12.40411978747209786889
531.63843823490651629982 16.93878381386055664848
565.47667978377410236135 20.73319278560514788978
601.17513966886485832219 24.39417009544697734214
648.87643332176094190800 28.53743428727713649096
704.15147090258449225075 32.93336791472155056226
740.94243901137042485061 36.97216175138968452529
814.31769100796827842714 42.00578723152241877870
876.78261746045609470457 46.91671325489927824037
927.24471014513835598336 51.37374644633882070366
950.55648120615967400227 54.90390830023285673178
971.49130829165903833200 57.90079453019919952794
1046.59390804144436515344 61.77071993262737947816
1172.46864189423763491504 67.74384489308819468079
1241.41480405095785499725 72.56597407003134492243
1278.78155474413983938575 76.23971441790556013984
1323.01339619781833789602 79.55575196540117133281
1399.78428675569512051879 83.36834169239422465125
1491.89459269755957393500 87.52374692901578612236
1585.48126191938285955985 91.75338688501007311515
1672.97055049323807907058 95.82049676650102298936
1746.98064201932811556617 99.35794115313314023297
1847.62432952978019784496 103.10329890015582066098
1977.66241205638038991310 107.33672569017107889522
2099.74289559878843647311 111.59601277506754968272
2248.45697512555943831103 116.07151282958119509203
2406.22116186021594330668 120.86419307517128629570
2612.43959566745434131008 126.13663056306471332846
2720.84895463396696868585 130.00705460991579798247
2815.07046338528243722976 132.75963805211662815964
2936.11749564909223408904 135.60820679697852142453
3021.86467977691745545599 137.66912133357834591152
3070.45179743253493143129 139.12170508304515692544
3093.17302921631790013635 139.83867766708115709662
3099.07848233615504796035 140.13214544141951023448
3108.32051707217351577128 140.31669283468562525741
3109.79688035213303010096 140.39005887832905727919
3112.94153444018320442410 140.40897921309618823216
3114.41789772014271875378 140.48234476702376127832
3114.41789772014271875378 140.48234476702376127832
3114.41789772014271875378 140.48234476702376127832
3115.89426100010177833610 140.55571034959504572726
3112.74960691205160401296 140.53679105002481719566
3115.89426100010177833610 140.55571034959504572726
3117.56255180819289307692 140.50127402381264118958
3119.03891508815240740660 140.57463908426655052608
3115.89426100010177833610 140.55571034959504572726
3115.89426100010177833610 140.55571034959504572726
3117.37062428006129266578 140.62907596076527738660
3125.32822326425321080023 140.61252484366997350662
3114.22597019201066359528 140.61015717798903779112
3117.37062428006129266578 140.62907596076527738660
3120.51527836811146698892 140.64800417386024378175
3026.75143831099785529659 139.69999895409370083144
2819.45525297290623711888 137.25647553301922698665
2619.02415839530976882088 134.49237966607233829563
2373.66732588944705639733 131.05579761827843299216
2146.27783721632295055315 127.29704313048014796550
1946.09772711195569172560 123.38145273999266748888
1752.59078023995334660867 119.26063739226803761539
1570.56994149645697689266 114.88774699187443673054
1364.54343521734972455306 109.63232136221945722809
1278.33858239532196421351 105.79394753001878370924
1194.31874602068501189933 102.63260027551739028695
1093.48313098210064708837 99.07013991825496646015
992.64751594351673702477 95.51409336048021714305
906.05880806522532111558 91.95641009659473752436
856.05438407474548512255 89.35136092396680851380
812.14734073223439736466 86.90536852005234891294
736.98568403735202991811 84.20379155268437898485
679.21558859081221726228 81.50697870209404527486
583.19291844836993732315 77.93385217174387946670
492.36704825833243148736 74.05438860013445889763
394.73514425289550899834 69.42340956940833507360
296.20265955189512396828 64.33173096045057093306
198.43788496342284588536 58.71940916852276615145
125.44648802308894630642 53.46361331084295898108
46.93349301918229343755 47.66664442216825392507
-44.29098891996073916744 40.84989962926395179466
-102.01678411424573766908 33.80119248878273907621
-173.41370388442706484966 26.42925620149311427554
-219.13666531090663625037 19.89801758605528547719
-255.29279389019998802723 14.46923567743480454340
-259.16085783852355461931 10.71215618022729643144
-226.69562237226389811440 8.93458239967574385787
-202.05511530716066204150 8.19054410140245714445
-192.04537045861377464462 7.79074539826428136280
-190.18515212239066158872 7.59627378754017534845
-186.84857050620834684196 7.46300582635526055242
-186.65664297807637694859 7.33538704071831126896
-184.98835216998523378606 7.26875409341706379962
-181.84369808193491735437 7.26310388457788658201
-177.03075318579345776016 7.19104842361722607080
-180.17540727384377419185 7.19646990398543007217
-183.32006136189409062354 7.20212116523567669191
-178.50711646575263102932 7.12983592339297178597
-172.21780828965199816594 7.11922757151717355839
-175.36246237770231459763 7.12441551841089104613
-175.36246237770231459763 7.12441551841089104613
-178.50711646575263102932 7.12983592339297178597
-178.50711646575263102932 7.12983592339297178597
-178.50711646575263102932 7.12983592339297178597
-178.50711646575263102932 7.12983592339297178597
-178.50711646575263102932 7.12983592339297178597
-178.50711646575263102932 7.12983592339297178597
-177.03075318579345776016 7.19104842361722607080
-178.50711646575263102932 7.12983592339297178597
-181.65177055380294746101 7.13548825670978459357
-181.65177055380294746101 7.13548825670978459357
-175.36246237770231459763 7.12441551841089104613
-172.21780828965199816594 7.11922757151717355839
-178.50711646575263102932 7.12983592339297178597
-178.50711646575263102932 7.12983592339297178597
-178.50711646575263102932 7.12983592339297178597
-178.50711646575263102932 7.12983592339297178597
-223.24092686588829792527 6.68015471516028469523
-267.91568032092726525661 5.40692184073855575122
-306.81785123916495194862 4.24155390612154103991
-330.89733241271426322783 4.47313424775977619419
-381.74328015366057798019 7.42574345134343971608
-406.33948696650918464002 10.69927931467939430377
-448.13532749956851830575 14.41021164173571555978
-509.50774572836104425733 18.90343329094694269088
-565.49143647661617251288 23.84864214748894184481
-586.94298920141432063247 27.52082317141315570552
-621.16508580654578963731 31.15626270075662773706
-672.39488860375627155008 35.08975803508032953459
-724.52527209652964756970 39.48851981702232905036
-741.93159003771438619879 42.72406706310911772562
-781.35048659525148195826 46.07957101577655123492
-848.30355983271329023410 50.10417057273509300330
-944.78389866935833651951 55.59535630560839081227
-1025.54096706575205644185 61.00480118925765538052
-1110.91905283015535133018 66.50409093289401596394
-1191.86804875468078535050 71.78354658357379491918
-1268.57988236746109578235 76.71271230309061195385
-1373.40167524456228420604 81.91818395751741377353
-1504.08935399349661565793 87.84994598658646225431
-1682.46356970248530160461 94.75708460463084747971
-1894.46934273936767567648 102.50611445842993418864
-2115.52522298413714452181 110.57418006265044141401
-2321.62554290118259814335 118.04445165245640225749
-2513.34608507490111151128 124.52832166957207959967
-2715.46022715342905939906 130.42931521624299762152
-2933.87342225660540862009 136.04725172533679256048
-3008.84315142335572090815 138.94754729398277959262
-3042.79950686241636503837 140.63523689315886144868
-3072.19390187856470220140 141.13299898248155272995
-3074.57084585408711063792 141.66386675558635488414
-3077.52357241400568454992 141.81062005399019199103
-3077.52357241400568454992 141.81062005399019199103
-3087.14946220628871742520 141.73873216686610021497
-3085.28924387006554752588 141.92140818403265711822
-3088.43389795811526710168 141.94012801319809113920
-3088.62582548624777700752 141.81210717210390725995
-3086.95753467815666226670 141.86675255562235520301
-3086.76560715002415236086 141.99478406971789468116
-3088.43389795811526710168 141.94012801319809113920
-3081.95266225388331804425 142.03075012821796008211
-3086.95753467815666226670 141.86675255562235520301
-3091.57855204616544142482 141.95885723835243652502
-3090.10218876620638184249 141.88548219594233046337
-3090.10218876620638184249 141.88548219594233046337
-3086.76560715002415236086 141.99478406971789468116
-3088.43389795811526710168 141.94012801319809113920
-3088.43389795811526710168 141.94012801319809113920
-3093.24684285425655616564 141.90422123327959980088
-3088.24197042998321194318 142.06815997307029419972
-3089.71833370994272627286 142.14153589406251398941
-3089.91026123807432668400 142.01350348889025099197
-3089.71833370994272627286 142.14153589406251398941
-3086.57367962189209720236 142.12282667908587541206
-3091.38662451803384101368 142.08687898267069726899
-3085.09731634193303762004 142.04945035368240269236
-3089.91026123807432668400 142.01350348889025099197
-3089.71833370994272627286 142.14153589406251398941
-3066.22939181363108218648 141.93739003963474942793
-3069.56597342981331166811 141.82795010819140202329
-3071.04233670977282599779 141.90132797251663987481
-3068.08961014985425208579 141.75457225952402495750
-3074.37891832595505547943 141.79192803896387431450
-3071.04233670977282599779 141.90132797251663987481
-3069.75790095794536682661 141.69986799358335360921
-3067.89768262172219692729 141.88266497881321015484
-3076.04720913404617022024 141.73724339632931901178
-3077.52357241400568454992 141.81062005399019199103
-3072.51869998973188558011 141.97470585247549479391
-3077.33164488587362939143 141.93868219680547326789
-3072.51869998973188558011 141.97470585247549479391
-3074.37891832595505547943 141.79192803896387431450
-3074.37891832595505547943 141.79192803896387431450
-3072.51869998973188558011 141.97470585247549479391
-3077.33164488587362939143 141.93868219680547326789
-3079.19186322209679929074 141.75594522457737411969
-3080.66822650205585887306 141.82932148092379520676
-3077.52357241400568454992 141.81062005399019199103
-3074.18699079782345506828 141.92000037975248005750
-3074.37891832595505547943 141.79192803896387431450
-3074.18699079782345506828 141.92000037975248005750
-3074.18699079782345506828 141.92000037975248005750
-3072.51869998973188558011 141.97470585247549479391
-3075.66335407778251465061 141.99337787390336984572
-3072.51869998973188558011 141.97470585247549479391
-2935.11355775617812469136 140.51998098970207706770
-2723.38828257820796352462 137.87799757132336253562
-2527.77013289675414853264 135.09540069708174314655
-2295.18384427122464330751 131.61945844378570313893
-2074.08366377419997661491 127.91187699595126048280
-1866.32980974190559209092 123.77656787758755285722
-1694.64351395812332157220 119.90755857589768140770
-1537.39605286276582774008 115.92571521502793530090
-1400.49287957566934892384 112.11749410793878212189
-1260.82890725678612398042 108.04325774509220536856
-1155.75612990645663558098 104.12934270804041148040
-1028.67077393977479005116 100.12992803971289390574
-945.41864767766560362361 96.45329359916891576177
-858.82993979937361928023 92.90077740111638604503
-766.14385127311322776222 89.19611296620384166545
-671.98139946689389034873 85.42590908007842642746
-610.35799676487260967406 82.11772760253469982672
-521.00848985479490238504 78.31084533883432641233
-449.05054419305963619991 74.50548161966607096929
-341.79275039533956714877 69.98451359935667426271
-252.31037290222602109679 65.19976334125807682085
-151.40094422570331289535 59.58800182460998939860
-93.74896266935716937496 54.65178500531297345333
4.53253755841463501497 48.34222586672168375799
87.60749298523391814797 41.35899637812166673712
144.43270748395565306055 34.79594910146154518316
215.82962725413696603027 27.44615671476104168391
270.21884083223960715259 20.40607444107533297029
297.13293467551397952775 15.14953595536618458084
291.95089141595053661149 11.66094660368009350293
255.24849363794535861416 10.19499903064602541747
238.56558555703389856717 9.52865922472144966093
230.22413151657815433282 9.19548932175915822995
225.21925909230472484523 8.99558737998178692408
225.02733156417275495187 8.86794911443926459071
218.54609585994012377341 8.72905145761195555565
218.54609585994012377341 8.72905145761195555565
216.87780505184898061088 8.66241747701949904581
216.87780505184898061088 8.66241747701949904581
213.73315096379866417919 8.65697652648822213450
215.20951424375783744836 8.59578349642704075961
212.06486015570752101667 8.59034328674192160236
215.20951424375783744836 8.59578349642704075961
212.06486015570752101667 8.59034328674192160236
215.20951424375783744836 8.59578349642704075961
215.20951424375783744836 8.59578349642704075961
215.20951424375783744836 8.59578349642704075961
215.20951424375783744836 8.59578349642704075961
215.20951424375783744836 8.59578349642704075961
213.54122343566669428583 8.52914951583458247342
212.06486015570752101667 8.59034328674192160236
213.54122343566669428583 8.52914951583458247342
213.54122343566669428583 8.52914951583458247342
215.20951424375783744836 8.59578349642704075961
215.20951424375783744836 8.59578349642704075961
213.54122343566669428583 8.52914951583458247342
213.54122343566669428583 8.52914951583458247342
218.35416833180815388005 8.60141608122932055380
221.49882241985847031174 8.60724066347749783290
216.68587752371701071752 8.53478285112250922850
210.39656934761637785414 8.52371005857866492761
215.20951424375783744836 8.59578349642704075961
215.20951424375783744836 8.59578349642704075961
213.54122343566669428583 8.52914951583458247342
218.35416833180815388005 8.60141608122932055380
221.49882241985847031174 8.60724066347749783290
213.54122343566669428583 8.52914951583458247342
213.54122343566669428583 8.52914951583458247342
216.68587752371701071752 8.53478285112250922850
215.20951424375783744836 8.59578349642704075961
213.54122343566669428583 8.52914951583458247342
213.54122343566669428583 8.52914951583458247342
215.20951424375783744836 8.59578349642704075961
213.54122343566669428583 8.52914951583458247342
213.54122343566669428583 8.52914951583458247342
218.35416833180815388005 8.60141608122932055380
215.20951424375783744836 8.59578349642704075961
213.54122343566669428583 8.52914951583458247342
215.20951424375783744836 8.59578349642704075961
213.54122343566669428583 8.52914951583458247342
215.20951424375783744836 8.59578349642704075961
221.49882241985847031174 8.60724066347749783290
213.54122343566669428583 8.52914951583458247342
