#t[s] err_t[s] I[A] err_I[A] B[mT] err_B[mT] l_Fe[mm] err_l_Fe[mm] d[mm] err_d[mm]
0 0 0 0 -0.5 -0.015 477 4 2 0.05
0.1 0 0 0 -0.5 -0.015 477 4 2 0.05
0.2 0 0 0 -0.5 -0.015 477 4 2 0.05
0.3 0 0 0 -0.5 -0.015 477 4 2 0.05
0.4 0 0 0 -0.5 -0.015 477 4 2 0.05
0.5 0 0 0 -0.5 -0.015 477 4 2 0.05
0.6 0 0.0015 1.5E-05 -0.5 -0.015 477 4 2 0.05
0.7 0 0 0 -0.5 -0.015 477 4 2 0.05
0.8 0 0.0015 1.5E-05 -0.5 -0.015 477 4 2 0.05
0.9 0 0 0 0 0 477 4 2 0.05
1 0 -0.0015 -1.5E-05 -0.5 -0.015 477 4 2 0.05
1.1 0 -0.0015 -1.5E-05 -0.5 -0.015 477 4 2 0.05
1.2 0 0 0 -0.5 -0.015 477 4 2 0.05
1.3 0 0 0 -0.5 -0.015 477 4 2 0.05
1.4 0 0.003 3E-05 -0.5 -0.015 477 4 2 0.05
1.5 0 0.0015 1.5E-05 -0.5 -0.015 477 4 2 0.05
1.6 0 0.0015 1.5E-05 -0.5 -0.015 477 4 2 0.05
1.7 0 0 0 -0.5 -0.015 477 4 2 0.05
1.8 0 0 0 -0.5 -0.015 477 4 2 0.05
1.9 0 -0.0135 -0.000135 -2.5 -0.075 477 4 2 0.05
2 0 -0.0435 -0.000435 -10 -0.3 477 4 2 0.05
2.1 0 -0.066 -0.00066 -18.5 -0.555 477 4 2 0.05
2.2 0 -0.1035 -0.001035 -31.5 -0.945 477 4 2 0.05
2.3 0 -0.126 -0.00126 -41.5 -1.245 477 4 2 0.05
2.4 0 -0.1545 -0.001545 -53.5 -1.605 477 4 2 0.05
2.5 0 -0.18 -0.0018 -64 -1.92 477 4 2 0.05
2.6 0 -0.2085 -0.002085 -76 -2.28 477 4 2 0.05
2.7 0 -0.2535 -0.002535 -94 -2.82 477 4 2 0.05
2.8 0 -0.288 -0.00288 -112.5 -3.375 477 4 2 0.05
2.9 0 -0.3225 -0.003225 -128 -3.84 477 4 2 0.05
3 0 -0.3525 -0.003525 -141.5 -4.245 477 4 2 0.05
3.1 0 -0.381 -0.00381 -156 -4.68 477 4 2 0.05
3.2 0 -0.4065 -0.004065 -168.5 -5.055 477 4 2 0.05
3.3 0 -0.4275 -0.004275 -178.5 -5.355 477 4 2 0.05
3.4 0 -0.453 -0.00453 -191 -5.73 477 4 2 0.05
3.5 0 -0.4785 -0.004785 -202 -6.06 477 4 2 0.05
3.6 0 -0.489 -0.00489 -208 -6.24 477 4 2 0.05
3.7 0 -0.5085 -0.005085 -216.5 -6.495 477 4 2 0.05
3.8 0 -0.531 -0.00531 -226.5 -6.795 477 4 2 0.05
3.9 0 -0.5595 -0.005595 -239 -7.17 477 4 2 0.05
4 0 -0.582 -0.00582 -252.5 -7.575 477 4 2 0.05
4.1 0 -0.5805 -0.005805 -254.5 -7.635 477 4 2 0.05
4.2 0 -0.582 -0.00582 -255 -7.65 477 4 2 0.05
4.3 0 -0.5805 -0.005805 -255 -7.65 477 4 2 0.05
4.4 0 -0.5865 -0.005865 -255.5 -7.665 477 4 2 0.05
4.5 0 -0.6525 -0.006525 -275.5 -8.265 477 4 2 0.05
4.6 0 -0.726 -0.00726 -307 -9.21 477 4 2 0.05
4.7 0 -0.783 -0.00783 -330 -9.9 477 4 2 0.05
4.8 0 -0.792 -0.00792 -338 -10.14 477 4 2 0.05
4.9 0 -0.828 -0.00828 -350 -10.5 477 4 2 0.05
5 0 -0.8895 -0.008895 -371.5 -11.145 477 4 2 0.05
5.1 0 -0.948 -0.00948 -393.5 -11.805 477 4 2 0.05
5.2 0 -0.9945 -0.009945 -411 -12.33 477 4 2 0.05
5.3 0 -1.035 -0.01035 -426 -12.78 477 4 2 0.05
5.4 0 -1.095 -0.01095 -445 -13.35 477 4 2 0.05
5.5 0 -1.134 -0.01134 -460.5 -13.815 477 4 2 0.05
5.6 0 -1.1715 -0.011715 -474 -14.22 477 4 2 0.05
5.7 0 -1.1985 -0.011985 -484.5 -14.535 477 4 2 0.05
5.8 0 -1.233 -0.01233 -495.5 -14.865 477 4 2 0.05
5.9 0 -1.2735 -0.012735 -507.5 -15.225 477 4 2 0.05
6 0 -1.3005 -0.013005 -518 -15.54 477 4 2 0.05
6.1 0 -1.335 -0.01335 -528.5 -15.855 477 4 2 0.05
6.2 0 -1.3635 -0.013635 -539 -16.17 477 4 2 0.05
6.3 0 -1.3695 -0.013695 -544 -16.32 477 4 2 0.05
6.4 0 -1.3815 -0.013815 -547 -16.41 477 4 2 0.05
6.5 0 -1.3965 -0.013965 -551.5 -16.545 477 4 2 0.05
6.6 0 -1.4145 -0.014145 -556.5 -16.695 477 4 2 0.05
6.7 0 -1.4265 -0.014265 -561.5 -16.845 477 4 2 0.05
6.8 0 -1.434 -0.01434 -564 -16.92 477 4 2 0.05
6.9 0 -1.4565 -0.014565 -569.5 -17.085 477 4 2 0.05
7 0 -1.491 -0.01491 -579.5 -17.385 477 4 2 0.05
7.1 0 -1.5015 -0.015015 -584.5 -17.535 477 4 2 0.05
7.203 0 -1.509 -0.01509 -587 -17.61 477 4 2 0.05
7.313 0 -1.527 -0.01527 -591.5 -17.745 477 4 2 0.05
7.407 0 -1.5555 -0.015555 -599.5 -17.985 477 4 2 0.05
7.5 0 -1.5855 -0.015855 -608 -18.24 477 4 2 0.05
7.61 0 -1.6245 -0.016245 -619 -18.57 477 4 2 0.05
7.703 0 -1.6425 -0.016425 -626 -18.78 477 4 2 0.05
7.813 0 -1.683 -0.01683 -636 -19.08 477 4 2 0.05
7.907 0 -1.7445 -0.017445 -650.5 -19.515 477 4 2 0.05
8 0 -1.812 -0.01812 -668 -20.04 477 4 2 0.05
8.11 0 -1.866 -0.01866 -686 -20.58 477 4 2 0.05
8.204 0 -1.8915 -0.018915 -696 -20.88 477 4 2 0.05
8.313 0 -1.9155 -0.019155 -704 -21.12 477 4 2 0.05
8.407 0 -1.9305 -0.019305 -709.5 -21.285 477 4 2 0.05
8.5 0 -1.965 -0.01965 -717 -21.51 477 4 2 0.05
8.61 0 -1.9935 -0.019935 -725 -21.75 477 4 2 0.05
8.704 0 -2.0055 -0.020055 -731 -21.93 477 4 2 0.05
8.8 0 -2.016 -0.02016 -734 -22.02 477 4 2 0.05
8.9 0 -2.0205 -0.020205 -736.5 -22.095 477 4 2 0.05
9 0 -2.0235 -0.020235 -737.5 -22.125 477 4 2 0.05
9.1 0 -2.025 -0.02025 -738.5 -22.155 477 4 2 0.05
9.2 0 -2.028 -0.02028 -739.5 -22.185 477 4 2 0.05
9.3 0 -2.0265 -0.020265 -740 -22.2 477 4 2 0.05
9.407 0 -2.0295 -0.020295 -740 -22.2 477 4 2 0.05
9.5 0 -2.0295 -0.020295 -740 -22.2 477 4 2 0.05
9.611 0 -2.0295 -0.020295 -740 -22.2 477 4 2 0.05
9.704 0 -2.0295 -0.020295 -740.5 -22.215 477 4 2 0.05
9.813 0 -2.0295 -0.020295 -740.5 -22.215 477 4 2 0.05
9.907 0 -2.0295 -0.020295 -740.5 -22.215 477 4 2 0.05
10 0 -2.031 -0.02031 -741 -22.23 477 4 2 0.05
10.1 0 -2.031 -0.02031 -740.5 -22.215 477 4 2 0.05
10.2 0 -2.0325 -0.020325 -741 -22.23 477 4 2 0.05
10.3 0 -2.0325 -0.020325 -741 -22.23 477 4 2 0.05
10.4 0 -2.031 -0.02031 -741 -22.23 477 4 2 0.05
10.5 0 -2.031 -0.02031 -741 -22.23 477 4 2 0.05
10.6 0 -2.0325 -0.020325 -741 -22.23 477 4 2 0.05
10.7 0 -2.0325 -0.020325 -741 -22.23 477 4 2 0.05
10.8 0 -2.034 -0.02034 -741.5 -22.245 477 4 2 0.05
10.9 0 -2.031 -0.02031 -741.5 -22.245 477 4 2 0.05
11 0 -2.034 -0.02034 -741.5 -22.245 477 4 2 0.05
11.1 0 -2.0325 -0.020325 -741.5 -22.245 477 4 2 0.05
11.2 0 -2.0325 -0.020325 -741.5 -22.245 477 4 2 0.05
11.3 0 -2.0325 -0.020325 -741.5 -22.245 477 4 2 0.05
11.4 0 -2.0325 -0.020325 -741.5 -22.245 477 4 2 0.05
11.5 0 -2.0325 -0.020325 -741.5 -22.245 477 4 2 0.05
11.6 0 -2.0325 -0.020325 -741.5 -22.245 477 4 2 0.05
11.7 0 -2.031 -0.02031 -741.5 -22.245 477 4 2 0.05
11.8 0 -2.031 -0.02031 -741 -22.23 477 4 2 0.05
11.9 0 -2.031 -0.02031 -741 -22.23 477 4 2 0.05
12 0 -2.0325 -0.020325 -741.5 -22.245 477 4 2 0.05
12.1 0 -2.031 -0.02031 -741.5 -22.245 477 4 2 0.05
12.2 0 -2.031 -0.02031 -741.5 -22.245 477 4 2 0.05
12.3 0 -2.031 -0.02031 -741.5 -22.245 477 4 2 0.05
12.4 0 -2.0355 -0.020355 -741.5 -22.245 477 4 2 0.05
12.5 0 -2.034 -0.02034 -741.5 -22.245 477 4 2 0.05
12.6 0 -2.034 -0.02034 -741.5 -22.245 477 4 2 0.05
12.7 0 -2.031 -0.02031 -741.5 -22.245 477 4 2 0.05
12.8 0 -2.031 -0.02031 -741.5 -22.245 477 4 2 0.05
12.9 0 -2.031 -0.02031 -741.5 -22.245 477 4 2 0.05
13 0 -2.031 -0.02031 -741.5 -22.245 477 4 2 0.05
13.1 0 -2.034 -0.02034 -741.5 -22.245 477 4 2 0.05
13.2 0 -2.031 -0.02031 -741.5 -22.245 477 4 2 0.05
13.3 0 -2.034 -0.02034 -741.5 -22.245 477 4 2 0.05
13.4 0 -2.031 -0.02031 -741.5 -22.245 477 4 2 0.05
13.5 0 -2.0325 -0.020325 -741.5 -22.245 477 4 2 0.05
13.6 0 -2.031 -0.02031 -741.5 -22.245 477 4 2 0.05
13.7 0 -2.0325 -0.020325 -741.5 -22.245 477 4 2 0.05
13.8 0 -2.0325 -0.020325 -741.5 -22.245 477 4 2 0.05
13.9 0 -2.031 -0.02031 -741.5 -22.245 477 4 2 0.05
14 0 -2.0325 -0.020325 -741.5 -22.245 477 4 2 0.05
14.1 0 -2.031 -0.02031 -741.5 -22.245 477 4 2 0.05
14.2 0 -2.0325 -0.020325 -741.5 -22.245 477 4 2 0.05
14.3 0 -2.0325 -0.020325 -741 -22.23 477 4 2 0.05
14.4 0 -2.0325 -0.020325 -741.5 -22.245 477 4 2 0.05
14.5 0 -2.031 -0.02031 -741.5 -22.245 477 4 2 0.05
14.6 0 -2.0325 -0.020325 -741.5 -22.245 477 4 2 0.05
14.7 0 -2.031 -0.02031 -741.5 -22.245 477 4 2 0.05
14.8 0 -2.031 -0.02031 -741.5 -22.245 477 4 2 0.05
14.9 0 -2.0295 -0.020295 -741 -22.23 477 4 2 0.05
15 0 -2.0295 -0.020295 -741.5 -22.245 477 4 2 0.05
15.1 0 -2.031 -0.02031 -741 -22.23 477 4 2 0.05
15.2 0 -2.0295 -0.020295 -741 -22.23 477 4 2 0.05
15.3 0 -2.0295 -0.020295 -741 -22.23 477 4 2 0.05
15.4 0 -2.031 -0.02031 -741 -22.23 477 4 2 0.05
15.5 0 -2.0295 -0.020295 -741.5 -22.245 477 4 2 0.05
15.6 0 -2.031 -0.02031 -741.5 -22.245 477 4 2 0.05
15.7 0 -2.028 -0.02028 -741.5 -22.245 477 4 2 0.05
15.8 0 -2.0325 -0.020325 -741 -22.23 477 4 2 0.05
15.9 0 -2.0295 -0.020295 -741 -22.23 477 4 2 0.05
16 0 -2.028 -0.02028 -741 -22.23 477 4 2 0.05
16.1 0 -2.031 -0.02031 -741.5 -22.245 477 4 2 0.05
16.2 0 -2.0295 -0.020295 -741.5 -22.245 477 4 2 0.05
16.3 0 -2.0295 -0.020295 -741 -22.23 477 4 2 0.05
16.4 0 -2.031 -0.02031 -741 -22.23 477 4 2 0.05
16.5 0 -2.031 -0.02031 -741 -22.23 477 4 2 0.05
16.6 0 -2.0295 -0.020295 -741 -22.23 477 4 2 0.05
16.7 0 -2.0295 -0.020295 -741 -22.23 477 4 2 0.05
16.8 0 -2.0295 -0.020295 -741.5 -22.245 477 4 2 0.05
16.9 0 -2.0295 -0.020295 -741.5 -22.245 477 4 2 0.05
17 0 -2.031 -0.02031 -741.5 -22.245 477 4 2 0.05
17.1 0 -2.0295 -0.020295 -741 -22.23 477 4 2 0.05
17.2 0 -2.031 -0.02031 -741 -22.23 477 4 2 0.05
17.3 0 -2.0295 -0.020295 -741.5 -22.245 477 4 2 0.05
17.4 0 -2.0295 -0.020295 -741.5 -22.245 477 4 2 0.05
17.5 0 -2.031 -0.02031 -741.5 -22.245 477 4 2 0.05
17.6 0 -2.0325 -0.020325 -741.5 -22.245 477 4 2 0.05
17.7 0 -2.01 -0.0201 -740 -22.2 477 4 2 0.05
17.8 0 -1.953 -0.01953 -733.5 -22.005 477 4 2 0.05
17.9 0 -1.8705 -0.018705 -722.5 -21.675 477 4 2 0.05
18 0 -1.7775 -0.017775 -708.5 -21.255 477 4 2 0.05
18.1 0 -1.665 -0.01665 -688 -20.64 477 4 2 0.05
18.2 0 -1.6005 -0.016005 -672 -20.16 477 4 2 0.05
18.3 0 -1.527 -0.01527 -655 -19.65 477 4 2 0.05
18.4 0 -1.455 -0.01455 -637 -19.11 477 4 2 0.05
18.5 0 -1.3875 -0.013875 -619.5 -18.585 477 4 2 0.05
18.6 0 -1.3335 -0.013335 -603.5 -18.105 477 4 2 0.05
18.7 0 -1.29 -0.0129 -589.5 -17.685 477 4 2 0.05
18.8 0 -1.251 -0.01251 -578 -17.34 477 4 2 0.05
18.9 0 -1.2015 -0.012015 -564 -16.92 477 4 2 0.05
19 0 -1.1235 -0.011235 -544 -16.32 477 4 2 0.05
19.1 0 -1.053 -0.01053 -522 -15.66 477 4 2 0.05
19.2 0 -0.9855 -0.009855 -499.5 -14.985 477 4 2 0.05
19.3 0 -0.93 -0.0093 -479.5 -14.385 477 4 2 0.05
19.4 0 -0.8655 -0.008655 -458.5 -13.755 477 4 2 0.05
19.5 0 -0.786 -0.00786 -432 -12.96 477 4 2 0.05
19.6 0 -0.672 -0.00672 -393 -11.79 477 4 2 0.05
19.7 0 -0.57 -0.0057 -352 -10.56 477 4 2 0.05
19.8 0 -0.486 -0.00486 -314.5 -9.435 477 4 2 0.05
19.9 0 -0.4305 -0.004305 -288.5 -8.655 477 4 2 0.05
20 0 -0.3795 -0.003795 -264 -7.92 477 4 2 0.05
20.1 0 -0.345 -0.00345 -244.5 -7.335 477 4 2 0.05
20.2 0 -0.3165 -0.003165 -231 -6.93 477 4 2 0.05
20.3 0 -0.2775 -0.002775 -211.5 -6.345 477 4 2 0.05
20.4 0 -0.2475 -0.002475 -197.5 -5.925 477 4 2 0.05
20.5 0 -0.225 -0.00225 -186 -5.58 477 4 2 0.05
20.6 0 -0.192 -0.00192 -171 -5.13 477 4 2 0.05
20.7 0 -0.1485 -0.001485 -152 -4.56 477 4 2 0.05
20.8 0 -0.1125 -0.001125 -132.5 -3.975 477 4 2 0.05
20.9 0 -0.066 -0.00066 -112.5 -3.375 477 4 2 0.05
21 0 -0.024 -0.00024 -93 -2.79 477 4 2 0.05
21.1 0 0.0015 1.5E-05 -76 -2.28 477 4 2 0.05
21.2 0 0 0 -70.5 -2.115 477 4 2 0.05
21.3 0 0 0 -68.5 -2.055 477 4 2 0.05
21.4 0 0 0 -67.5 -2.025 477 4 2 0.05
21.5 0 0 0 -66.5 -1.995 477 4 2 0.05
21.6 0 -0.003 -3E-05 -66 -1.98 477 4 2 0.05
21.7 0 -0.0015 -1.5E-05 -66 -1.98 477 4 2 0.05
21.8 0 0 0 -65.5 -1.965 477 4 2 0.05
21.9 0 0 0 -65.5 -1.965 477 4 2 0.05
22 0 0 0 -65.5 -1.965 477 4 2 0.05
22.1 0 -0.0015 -1.5E-05 -65 -1.95 477 4 2 0.05
22.2 0 0 0 -65 -1.95 477 4 2 0.05
22.3 0 0 0 -65 -1.95 477 4 2 0.05
22.4 0 0 0 -65 -1.95 477 4 2 0.05
22.5 0 0 0 -65 -1.95 477 4 2 0.05
22.6 0 -0.003 -3E-05 -65 -1.95 477 4 2 0.05
22.7 0 -0.0015 -1.5E-05 -65 -1.95 477 4 2 0.05
22.8 0 -0.0015 -1.5E-05 -65 -1.95 477 4 2 0.05
22.9 0 0.0015 1.5E-05 -65 -1.95 477 4 2 0.05
23 0 0.0015 1.5E-05 -65 -1.95 477 4 2 0.05
23.1 0 -0.0015 -1.5E-05 -65 -1.95 477 4 2 0.05
23.2 0 -0.003 -3E-05 -65 -1.95 477 4 2 0.05
23.3 0 0 0 -65 -1.95 477 4 2 0.05
23.4 0 0.0015 1.5E-05 -65 -1.95 477 4 2 0.05
23.5 0 0 0 -65 -1.95 477 4 2 0.05
23.6 0 0 0 -65 -1.95 477 4 2 0.05
23.7 0 0 0 -65 -1.95 477 4 2 0.05
23.8 0 0.0015 1.5E-05 -65 -1.95 477 4 2 0.05
23.9 0 0.0015 1.5E-05 -65 -1.95 477 4 2 0.05
24 0 0.0015 1.5E-05 -65 -1.95 477 4 2 0.05
24.1 0 0 0 -65 -1.95 477 4 2 0.05
24.2 0 0 0 -65 -1.95 477 4 2 0.05
24.3 0 -0.0015 -1.5E-05 -65 -1.95 477 4 2 0.05
24.4 0 0 0 -65 -1.95 477 4 2 0.05
24.5 0 0 0 -65 -1.95 477 4 2 0.05
24.6 0 0 0 -65 -1.95 477 4 2 0.05
24.7 0 -0.0015 -1.5E-05 -65 -1.95 477 4 2 0.05
24.8 0 -0.0015 -1.5E-05 -65 -1.95 477 4 2 0.05
24.9 0 -0.0015 -1.5E-05 -65 -1.95 477 4 2 0.05
25 0 0 0 -65 -1.95 477 4 2 0.05
25.1 0 -0.003 -3E-05 -65 -1.95 477 4 2 0.05
25.2 0 0 0 -65 -1.95 477 4 2 0.05
25.3 0 0.0495 0.000495 -54.5 -1.635 477 4 2 0.05
25.4 0 0.096 0.00096 -35 -1.05 477 4 2 0.05
25.5 0 0.1485 0.001485 -11.5 -0.345 477 4 2 0.05
25.6 0 0.192 0.00192 9.5 0.285 477 4 2 0.05
25.7 0 0.279 0.00279 42 1.26 477 4 2 0.05
25.8 0 0.3645 0.003645 82 2.46 477 4 2 0.05
25.9 0 0.384 0.00384 100.5 3.015 477 4 2 0.05
26 0 0.393 0.00393 109.5 3.285 477 4 2 0.05
26.1 0 0.405 0.00405 117 3.51 477 4 2 0.05
26.2 0 0.429 0.00429 125.5 3.765 477 4 2 0.05
26.3 0 0.456 0.00456 137 4.11 477 4 2 0.05
26.4 0 0.483 0.00483 149 4.47 477 4 2 0.05
26.5 0 0.507 0.00507 160 4.8 477 4 2 0.05
26.6 0 0.528 0.00528 170.5 5.115 477 4 2 0.05
26.7 0 0.5595 0.005595 183.5 5.505 477 4 2 0.05
26.8 0 0.5925 0.005925 198 5.94 477 4 2 0.05
26.9 0 0.645 0.00645 217 6.51 477 4 2 0.05
27 0 0.7005 0.007005 240 7.2 477 4 2 0.05
27.1 0 0.7545 0.007545 262.5 7.875 477 4 2 0.05
27.2 0 0.819 0.00819 288 8.64 477 4 2 0.05
27.3 0 0.8805 0.008805 314 9.42 477 4 2 0.05
27.4 0 0.942 0.00942 339.5 10.185 477 4 2 0.05
27.5 0 1.0035 0.010035 364.5 10.935 477 4 2 0.05
27.6 0 1.0695 0.010695 391 11.73 477 4 2 0.05
27.7 0 1.131 0.01131 416.5 12.495 477 4 2 0.05
27.8 0 1.1895 0.011895 440 13.2 477 4 2 0.05
27.9 0 1.248 0.01248 463 13.89 477 4 2 0.05
28 0 1.32 0.0132 488.5 14.655 477 4 2 0.05
28.1 0 1.398 0.01398 516 15.48 477 4 2 0.05
28.2 0 1.4685 0.014685 541.5 16.245 477 4 2 0.05
28.3 0 1.5675 0.015675 572 17.16 477 4 2 0.05
28.4 0 1.641 0.01641 599.5 17.985 477 4 2 0.05
28.5 0 1.7415 0.017415 628.5 18.855 477 4 2 0.05
28.6 0 1.8435 0.018435 661 19.83 477 4 2 0.05
28.7 0 1.9065 0.019065 684.5 20.535 477 4 2 0.05
28.8 0 1.9455 0.019455 700.5 21.015 477 4 2 0.05
28.9 0 1.968 0.01968 711.5 21.345 477 4 2 0.05
29 0 1.9845 0.019845 718.5 21.555 477 4 2 0.05
29.1 0 1.9935 0.019935 723 21.69 477 4 2 0.05
29.2 0 2.0025 0.020025 726 21.78 477 4 2 0.05
29.3 0 2.004 0.02004 728 21.84 477 4 2 0.05
29.4 0 2.0085 0.020085 729 21.87 477 4 2 0.05
29.5 0 2.0085 0.020085 730 21.9 477 4 2 0.05
29.6 0 2.0115 0.020115 730.5 21.915 477 4 2 0.05
29.7 0 2.013 0.02013 731 21.93 477 4 2 0.05
29.8 0 2.0115 0.020115 731 21.93 477 4 2 0.05
29.9 0 2.0115 0.020115 731.5 21.945 477 4 2 0.05
30 0 2.013 0.02013 731.5 21.945 477 4 2 0.05
30.1 0 2.0145 0.020145 731.5 21.945 477 4 2 0.05
30.2 0 2.013 0.02013 732 21.96 477 4 2 0.05
30.3 0 2.0145 0.020145 732 21.96 477 4 2 0.05
30.4 0 2.016 0.02016 732 21.96 477 4 2 0.05
30.5 0 2.0145 0.020145 732 21.96 477 4 2 0.05
30.6 0 2.0145 0.020145 732 21.96 477 4 2 0.05
30.7 0 2.0145 0.020145 732 21.96 477 4 2 0.05
30.8 0 2.013 0.02013 732 21.96 477 4 2 0.05
30.9 0 2.0145 0.020145 732 21.96 477 4 2 0.05
31 0 2.013 0.02013 732 21.96 477 4 2 0.05
31.1 0 2.0145 0.020145 732 21.96 477 4 2 0.05
31.2 0 2.016 0.02016 732 21.96 477 4 2 0.05
31.3 0 2.019 0.02019 732.5 21.975 477 4 2 0.05
31.4 0 2.0175 0.020175 733 21.99 477 4 2 0.05
31.5 0 2.0205 0.020205 733 21.99 477 4 2 0.05
31.6 0 2.0205 0.020205 733 21.99 477 4 2 0.05
31.7 0 2.0205 0.020205 733.5 22.005 477 4 2 0.05
31.8 0 2.022 0.02022 733.5 22.005 477 4 2 0.05
31.9 0 2.0205 0.020205 733.5 22.005 477 4 2 0.05
32 0 2.019 0.02019 733.5 22.005 477 4 2 0.05
32.1 0 2.0205 0.020205 733.5 22.005 477 4 2 0.05
32.2 0 2.0205 0.020205 733 21.99 477 4 2 0.05
32.3 0 2.019 0.02019 734 22.02 477 4 2 0.05
32.4 0 2.0205 0.020205 733.5 22.005 477 4 2 0.05
32.5 0 2.0205 0.020205 733.5 22.005 477 4 2 0.05
32.6 0 2.0205 0.020205 733.5 22.005 477 4 2 0.05
32.7 0 2.022 0.02022 733.5 22.005 477 4 2 0.05
32.8 0 2.0205 0.020205 733.5 22.005 477 4 2 0.05
32.9 0 2.0205 0.020205 734 22.02 477 4 2 0.05
33 0 2.019 0.02019 733.5 22.005 477 4 2 0.05
33.1 0 2.019 0.02019 733.5 22.005 477 4 2 0.05
33.2 0 2.019 0.02019 733.5 22.005 477 4 2 0.05
33.3 0 1.968 0.01968 729 21.87 477 4 2 0.05
33.4 0 1.9245 0.019245 723 21.69 477 4 2 0.05
33.5 0 1.8735 0.018735 716 21.48 477 4 2 0.05
33.6 0 1.8105 0.018105 706 21.18 477 4 2 0.05
33.7 0 1.749 0.01749 695.5 20.865 477 4 2 0.05
33.8 0 1.689 0.01689 684 20.52 477 4 2 0.05
33.9 0 1.6455 0.016455 673.5 20.205 477 4 2 0.05
34 0 1.5855 0.015855 661.5 19.845 477 4 2 0.05
34.1 0 1.545 0.01545 650 19.5 477 4 2 0.05
34.2 0 1.5075 0.015075 640.5 19.215 477 4 2 0.05
34.3 0 1.485 0.01485 633.5 19.005 477 4 2 0.05
34.4 0 1.4415 0.014415 623 18.69 477 4 2 0.05
34.5 0 1.395 0.01395 611.5 18.345 477 4 2 0.05
34.6 0 1.371 0.01371 603.5 18.105 477 4 2 0.05
34.7 0 1.3545 0.013545 597 17.91 477 4 2 0.05
34.8 0 1.3185 0.013185 588.5 17.655 477 4 2 0.05
34.9 0 1.2795 0.012795 577.5 17.325 477 4 2 0.05
35 0 1.2225 0.012225 563.5 16.905 477 4 2 0.05
35.1 0 1.1925 0.011925 551.5 16.545 477 4 2 0.05
35.2 0 1.1595 0.011595 542 16.26 477 4 2 0.05
35.3 0 1.131 0.01131 532.5 15.975 477 4 2 0.05
35.4 0 1.1025 0.011025 523.5 15.705 477 4 2 0.05
35.5 0 1.065 0.01065 512 15.36 477 4 2 0.05
35.6 0 1.0065 0.010065 495 14.85 477 4 2 0.05
35.7 0 0.9615 0.009615 479 14.37 477 4 2 0.05
35.8 0 0.921 0.00921 465 13.95 477 4 2 0.05
35.9 0 0.873 0.00873 449.5 13.485 477 4 2 0.05
36 0 0.8295 0.008295 433 12.99 477 4 2 0.05
36.1 0 0.771 0.00771 413 12.39 477 4 2 0.05
36.2 0 0.7065 0.007065 391 11.73 477 4 2 0.05
36.3 0 0.657 0.00657 370 11.1 477 4 2 0.05
36.4 0 0.609 0.00609 350 10.5 477 4 2 0.05
36.5 0 0.5505 0.005505 328.5 9.855 477 4 2 0.05
36.6 0 0.498 0.00498 305 9.15 477 4 2 0.05
36.7 0 0.4305 0.004305 276.5 8.295 477 4 2 0.05
36.8 0 0.4005 0.004005 259 7.77 477 4 2 0.05
36.9 0 0.3675 0.003675 244 7.32 477 4 2 0.05
37 0 0.3165 0.003165 221.5 6.645 477 4 2 0.05
37.1 0 0.2655 0.002655 197.5 5.925 477 4 2 0.05
37.2 0 0.189 0.00189 164.5 4.935 477 4 2 0.05
37.3 0 0.1215 0.001215 131.5 3.945 477 4 2 0.05
37.4 0 0.0675 0.000675 105.5 3.165 477 4 2 0.05
37.5 0 0.012 0.00012 79.5 2.385 477 4 2 0.05
37.6 0 -0.0015 -1.5E-05 64 1.92 477 4 2 0.05
37.7 0 0 0 58.5 1.755 477 4 2 0.05
37.8 0 0 0 56 1.68 477 4 2 0.05
37.9 0 0 0 55 1.65 477 4 2 0.05
38 0 0.0015 1.5E-05 54 1.62 477 4 2 0.05
38.1 0 0 0 53.5 1.605 477 4 2 0.05
38.2 0 0 0 53 1.59 477 4 2 0.05
38.3 0 0.0015 1.5E-05 53 1.59 477 4 2 0.05
38.4 0 0.0015 1.5E-05 52.5 1.575 477 4 2 0.05
38.5 0 0 0 52.5 1.575 477 4 2 0.05
38.6 0 0 0 52.5 1.575 477 4 2 0.05
38.7 0 0 0 52.5 1.575 477 4 2 0.05
38.8 0 0 0 52 1.56 477 4 2 0.05
38.9 0 0 0 52 1.56 477 4 2 0.05
39 0 0 0 52 1.56 477 4 2 0.05
39.1 0 0.0015 1.5E-05 52 1.56 477 4 2 0.05
39.2 0 0.0015 1.5E-05 52 1.56 477 4 2 0.05
39.3 0 0 0 52.5 1.575 477 4 2 0.05
39.4 0 0 0 52 1.56 477 4 2 0.05
39.5 0 0 0 52 1.56 477 4 2 0.05
39.6 0 0.0015 1.5E-05 52 1.56 477 4 2 0.05
39.7 0 0 0 52 1.56 477 4 2 0.05
39.8 0 0 0 52 1.56 477 4 2 0.05
39.9 0 -0.0015 -1.5E-05 52 1.56 477 4 2 0.05
40 0 0 0 52 1.56 477 4 2 0.05
40.1 0 0.0015 1.5E-05 52.5 1.575 477 4 2 0.05
40.2 0 0 0 52 1.56 477 4 2 0.05
40.3 0 0 0 52 1.56 477 4 2 0.05
40.4 0 0 0 52 1.56 477 4 2 0.05
40.5 0 0.0015 1.5E-05 52 1.56 477 4 2 0.05
40.6 0 0.0015 1.5E-05 52 1.56 477 4 2 0.05
40.7 0 0 0 52 1.56 477 4 2 0.05
40.8 0 0 0 52 1.56 477 4 2 0.05
40.9 0 -0.0015 -1.5E-05 52 1.56 477 4 2 0.05
41 0 -0.0015 -1.5E-05 52 1.56 477 4 2 0.05
41.1 0 -0.0045 -4.5E-05 51.5 1.545 477 4 2 0.05
41.2 0 -0.057 -0.00057 39 1.17 477 4 2 0.05
41.3 0 -0.108 -0.00108 18.5 0.555 477 4 2 0.05
41.4 0 -0.1665 -0.001665 -9 -0.27 477 4 2 0.05
41.5 0 -0.2085 -0.002085 -29.5 -0.885 477 4 2 0.05
41.6 0 -0.2655 -0.002655 -54.5 -1.635 477 4 2 0.05
41.7 0 -0.3195 -0.003195 -78.5 -2.355 477 4 2 0.05
41.8 0 -0.3915 -0.003915 -109 -3.27 477 4 2 0.05
41.9 0 -0.477 -0.00477 -144 -4.32 477 4 2 0.05
42 0 -0.522 -0.00522 -169 -5.07 477 4 2 0.05
42.1 0 -0.5595 -0.005595 -190 -5.7 477 4 2 0.05
42.2 0 -0.6045 -0.006045 -210 -6.3 477 4 2 0.05
42.3 0 -0.651 -0.00651 -229.5 -6.885 477 4 2 0.05
42.4 0 -0.711 -0.00711 -254 -7.62 477 4 2 0.05
42.5 0 -0.768 -0.00768 -278.5 -8.355 477 4 2 0.05
42.6 0 -0.81 -0.0081 -299 -8.97 477 4 2 0.05
42.7 0 -0.852 -0.00852 -318.5 -9.555 477 4 2 0.05
42.8 0 -0.897 -0.00897 -338 -10.14 477 4 2 0.05
42.9 0 -0.939 -0.00939 -356.5 -10.695 477 4 2 0.05
43 0 -0.9765 -0.009765 -373.5 -11.205 477 4 2 0.05
43.1 0 -1.0125 -0.010125 -389.5 -11.685 477 4 2 0.05
43.2 0 -1.0485 -0.010485 -404.5 -12.135 477 4 2 0.05
43.3 0 -1.077 -0.01077 -418 -12.54 477 4 2 0.05
43.4 0 -1.11 -0.0111 -431.5 -12.945 477 4 2 0.05
43.5 0 -1.137 -0.01137 -443.5 -13.305 477 4 2 0.05
43.6 0 -1.191 -0.01191 -461 -13.83 477 4 2 0.05
43.7 0 -1.2465 -0.012465 -481 -14.43 477 4 2 0.05
43.8 0 -1.2885 -0.012885 -497 -14.91 477 4 2 0.05
43.9 0 -1.323 -0.01323 -511.5 -15.345 477 4 2 0.05
44 0 -1.374 -0.01374 -529 -15.87 477 4 2 0.05
44.1 0 -1.4295 -0.014295 -547.5 -16.425 477 4 2 0.05
44.2 0 -1.47 -0.0147 -562.5 -16.875 477 4 2 0.05
44.3 0 -1.506 -0.01506 -576.5 -17.295 477 4 2 0.05
44.4 0 -1.5555 -0.015555 -592 -17.76 477 4 2 0.05
44.5 0 -1.611 -0.01611 -608 -18.24 477 4 2 0.05
44.6 0 -1.656 -0.01656 -623.5 -18.705 477 4 2 0.05
44.7 0 -1.7295 -0.017295 -643.5 -19.305 477 4 2 0.05
44.8 0 -1.7955 -0.017955 -663 -19.89 477 4 2 0.05
44.9 0 -1.863 -0.01863 -683.5 -20.505 477 4 2 0.05
45 0 -1.92 -0.0192 -701 -21.03 477 4 2 0.05
45.1 0 -1.9695 -0.019695 -716.5 -21.495 477 4 2 0.05
45.2 0 -1.9935 -0.019935 -727 -21.81 477 4 2 0.05
45.3 0 -2.007 -0.02007 -733 -21.99 477 4 2 0.05
45.4 0 -2.0175 -0.020175 -737 -22.11 477 4 2 0.05
45.5 0 -2.0205 -0.020205 -739.5 -22.185 477 4 2 0.05
45.6 0 -2.028 -0.02028 -741.5 -22.245 477 4 2 0.05
45.7 0 -2.028 -0.02028 -742.5 -22.275 477 4 2 0.05
45.8 0 -2.028 -0.02028 -743 -22.29 477 4 2 0.05
45.9 0 -2.0295 -0.020295 -743.5 -22.305 477 4 2 0.05
46 0 -2.0325 -0.020325 -744 -22.32 477 4 2 0.05
46.1 0 -2.031 -0.02031 -744.5 -22.335 477 4 2 0.05
46.2 0 -2.0325 -0.020325 -744.5 -22.335 477 4 2 0.05
46.3 0 -2.034 -0.02034 -744.5 -22.335 477 4 2 0.05
46.4 0 -2.0325 -0.020325 -744.5 -22.335 477 4 2 0.05
46.5 0 -2.0325 -0.020325 -744.5 -22.335 477 4 2 0.05
46.6 0 -2.0355 -0.020355 -744.5 -22.335 477 4 2 0.05
46.7 0 -2.0325 -0.020325 -744.5 -22.335 477 4 2 0.05
46.8 0 -2.0325 -0.020325 -744.5 -22.335 477 4 2 0.05
46.9 0 -2.0355 -0.020355 -744.5 -22.335 477 4 2 0.05
47 0 -2.034 -0.02034 -745 -22.35 477 4 2 0.05
47.1 0 -2.037 -0.02037 -745 -22.35 477 4 2 0.05
47.2 0 -2.037 -0.02037 -745 -22.35 477 4 2 0.05
47.3 0 -2.034 -0.02034 -745 -22.35 477 4 2 0.05
47.4 0 -2.0355 -0.020355 -745 -22.35 477 4 2 0.05
47.5 0 -2.034 -0.02034 -745 -22.35 477 4 2 0.05
47.6 0 -2.034 -0.02034 -745 -22.35 477 4 2 0.05
47.7 0 -2.037 -0.02037 -745 -22.35 477 4 2 0.05
47.8 0 -2.034 -0.02034 -745.5 -22.365 477 4 2 0.05
47.9 0 -1.953 -0.01953 -738 -22.14 477 4 2 0.05
48 0 -1.8705 -0.018705 -726 -21.78 477 4 2 0.05
48.1 0 -1.809 -0.01809 -715 -21.45 477 4 2 0.05
48.2 0 -1.761 -0.01761 -706 -21.18 477 4 2 0.05
48.3 0 -1.6785 -0.016785 -692 -20.76 477 4 2 0.05
48.4 0 -1.5735 -0.015735 -671.5 -20.145 477 4 2 0.05
48.5 0 -1.5075 -0.015075 -653 -19.59 477 4 2 0.05
48.6 0 -1.458 -0.01458 -639 -19.17 477 4 2 0.05
48.7 0 -1.3905 -0.013905 -622 -18.66 477 4 2 0.05
48.8 0 -1.3335 -0.013335 -606 -18.18 477 4 2 0.05
48.9 0 -1.2825 -0.012825 -590.5 -17.715 477 4 2 0.05
49 0 -1.2255 -0.012255 -575.5 -17.265 477 4 2 0.05
49.1 0 -1.1685 -0.011685 -557.5 -16.725 477 4 2 0.05
49.2 0 -1.125 -0.01125 -542 -16.26 477 4 2 0.05
49.3 0 -1.0875 -0.010875 -529.5 -15.885 477 4 2 0.05
49.4 0 -1.0605 -0.010605 -519.5 -15.585 477 4 2 0.05
49.5 0 -1.026 -0.01026 -509 -15.27 477 4 2 0.05
49.6 0 -0.9885 -0.009885 -496.5 -14.895 477 4 2 0.05
49.7 0 -0.9585 -0.009585 -486 -14.58 477 4 2 0.05
49.8 0 -0.924 -0.00924 -474 -14.22 477 4 2 0.05
49.9 0 -0.8805 -0.008805 -460.5 -13.815 477 4 2 0.05
50 0 -0.831 -0.00831 -444 -13.32 477 4 2 0.05
50.1 0 -0.7785 -0.007785 -426 -12.78 477 4 2 0.05
50.2 0 -0.732 -0.00732 -408.5 -12.255 477 4 2 0.05
50.3 0 -0.6915 -0.006915 -392 -11.76 477 4 2 0.05
50.4 0 -0.645 -0.00645 -375 -11.25 477 4 2 0.05
50.5 0 -0.5985 -0.005985 -357 -10.71 477 4 2 0.05
50.6 0 -0.5475 -0.005475 -336 -10.08 477 4 2 0.05
50.7 0 -0.498 -0.00498 -314.5 -9.435 477 4 2 0.05
50.8 0 -0.438 -0.00438 -289.5 -8.685 477 4 2 0.05
50.9 0 -0.3855 -0.003855 -265.5 -7.965 477 4 2 0.05
51 0 -0.3315 -0.003315 -241 -7.23 477 4 2 0.05
51.1 0 -0.282 -0.00282 -217 -6.51 477 4 2 0.05
51.2 0 -0.2175 -0.002175 -189.5 -5.685 477 4 2 0.05
51.3 0 -0.1455 -0.001455 -155.5 -4.665 477 4 2 0.05
51.4 0 -0.069 -0.00069 -120 -3.6 477 4 2 0.05
51.5 0 -0.009 -9E-05 -89.5 -2.685 477 4 2 0.05
51.6 0 0 0 -74.5 -2.235 477 4 2 0.05
51.7 0 -0.0015 -1.5E-05 -69.5 -2.085 477 4 2 0.05
51.8 0 -0.0015 -1.5E-05 -67 -2.01 477 4 2 0.05
51.9 0 0 0 -65.5 -1.965 477 4 2 0.05
52 0 0 0 -64.5 -1.935 477 4 2 0.05
52.1 0 0.0015 1.5E-05 -64 -1.92 477 4 2 0.05
52.2 0 0 0 -64 -1.92 477 4 2 0.05
52.3 0 0 0 -63.5 -1.905 477 4 2 0.05
52.4 0 0 0 -63 -1.89 477 4 2 0.05
52.5 0 0.0015 1.5E-05 -63 -1.89 477 4 2 0.05
52.6 0 0 0 -63 -1.89 477 4 2 0.05
52.7 0 0 0 -63 -1.89 477 4 2 0.05
52.8 0 0 0 -62.5 -1.875 477 4 2 0.05
52.9 0 0 0 -63 -1.89 477 4 2 0.05
53 0 0 0 -63 -1.89 477 4 2 0.05
53.1 0 0.0015 1.5E-05 -63 -1.89 477 4 2 0.05
53.2 0 0 0 -62.5 -1.875 477 4 2 0.05
53.3 0 0.0015 1.5E-05 -62.5 -1.875 477 4 2 0.05
53.4 0 0 0 -62.5 -1.875 477 4 2 0.05
53.5 0 0 0 -62.5 -1.875 477 4 2 0.05
53.6 0 -0.0015 -1.5E-05 -63 -1.89 477 4 2 0.05
53.7 0 0 0 -63 -1.89 477 4 2 0.05
53.8 0 -0.0015 -1.5E-05 -62.5 -1.875 477 4 2 0.05
53.9 0 0 0 -63 -1.89 477 4 2 0.05
54 0 0 0 -63 -1.89 477 4 2 0.05
54.1 0 0.0015 1.5E-05 -63 -1.89 477 4 2 0.05
54.2 0 0 0 -62.5 -1.875 477 4 2 0.05
54.3 0 -0.0015 -1.5E-05 -62.5 -1.875 477 4 2 0.05
54.4 0 -0.0015 -1.5E-05 -63 -1.89 477 4 2 0.05
54.5 0 0 0 -62.5 -1.875 477 4 2 0.05
54.6 0 0 0 -62.5 -1.875 477 4 2 0.05
54.7 0 0.0465 0.000465 -55 -1.65 477 4 2 0.05
54.8 0 0.1275 0.001275 -24.5 -0.735 477 4 2 0.05
54.9 0 0.2445 0.002445 23 0.69 477 4 2 0.05
55 0 0.3255 0.003255 62.5 1.875 477 4 2 0.05
55.1 0 0.372 0.00372 89.5 2.685 477 4 2 0.05
55.2 0 0.3975 0.003975 106.5 3.195 477 4 2 0.05
55.3 0 0.4335 0.004335 122.5 3.675 477 4 2 0.05
55.4 0 0.4755 0.004755 141 4.23 477 4 2 0.05
55.5 0 0.51 0.0051 157.5 4.725 477 4 2 0.05
55.6 0 0.555 0.00555 177 5.31 477 4 2 0.05
55.7 0 0.606 0.00606 198.5 5.955 477 4 2 0.05
55.8 0 0.6645 0.006645 223 6.69 477 4 2 0.05
55.9 0 0.7335 0.007335 251.5 7.545 477 4 2 0.05
56 0 0.789 0.00789 277.5 8.325 477 4 2 0.05
56.1 0 0.8475 0.008475 300.5 9.015 477 4 2 0.05
56.2 0 0.921 0.00921 330 9.9 477 4 2 0.05
56.3 0 0.9975 0.009975 359.5 10.785 477 4 2 0.05
56.4 0 1.0455 0.010455 384 11.52 477 4 2 0.05
56.5 0 1.08 0.0108 402 12.06 477 4 2 0.05
56.6 0 1.1295 0.011295 421 12.63 477 4 2 0.05
56.7 0 1.167 0.01167 439 13.17 477 4 2 0.05
56.8 0 1.23 0.0123 460 13.8 477 4 2 0.05
56.9 0 1.29 0.0129 482 14.46 477 4 2 0.05
57 0 1.362 0.01362 506.5 15.195 477 4 2 0.05
57.1 0 1.4295 0.014295 531.5 15.945 477 4 2 0.05
57.2 0 1.503 0.01503 556 16.68 477 4 2 0.05
57.3 0 1.5705 0.015705 579 17.37 477 4 2 0.05
57.4 0 1.6305 0.016305 601 18.03 477 4 2 0.05
57.5 0 1.6935 0.016935 621.5 18.645 477 4 2 0.05
57.6 0 1.767 0.01767 643 19.29 477 4 2 0.05
57.7 0 1.836 0.01836 665 19.95 477 4 2 0.05
57.8 0 1.893 0.01893 683 20.49 477 4 2 0.05
57.9 0 1.9455 0.019455 700.5 21.015 477 4 2 0.05
58 0 1.9695 0.019695 711.5 21.345 477 4 2 0.05
58.1 0 1.9875 0.019875 718 21.54 477 4 2 0.05
58.2 0 1.9935 0.019935 722 21.66 477 4 2 0.05
58.3 0 1.9995 0.019995 725 21.75 477 4 2 0.05
58.4 0 2.004 0.02004 726.5 21.795 477 4 2 0.05
58.5 0 2.0055 0.020055 728 21.84 477 4 2 0.05
58.6 0 2.01 0.0201 728.5 21.855 477 4 2 0.05
58.7 0 2.0115 0.020115 729 21.87 477 4 2 0.05
58.8 0 2.01 0.0201 729.5 21.885 477 4 2 0.05
58.9 0 2.0085 0.020085 729.5 21.885 477 4 2 0.05
59 0 2.0115 0.020115 729.5 21.885 477 4 2 0.05
59.1 0 2.0115 0.020115 730 21.9 477 4 2 0.05
59.2 0 2.0145 0.020145 730 21.9 477 4 2 0.05
59.3 0 2.013 0.02013 730 21.9 477 4 2 0.05
59.4 0 2.0115 0.020115 730 21.9 477 4 2 0.05
59.5 0 2.0115 0.020115 730.5 21.915 477 4 2 0.05
59.6 0 2.016 0.02016 731 21.93 477 4 2 0.05
59.7 0 2.0145 0.020145 731 21.93 477 4 2 0.05
59.8 0 2.0145 0.020145 731 21.93 477 4 2 0.05
59.9 0 2.0145 0.020145 731 21.93 477 4 2 0.05
60 0 2.016 0.02016 731 21.93 477 4 2 0.05
60.1 0 2.0145 0.020145 731 21.93 477 4 2 0.05
60.2 0 2.019 0.02019 731.5 21.945 477 4 2 0.05
60.3 0 2.0175 0.020175 731.5 21.945 477 4 2 0.05
60.4 0 2.019 0.02019 731.5 21.945 477 4 2 0.05
60.5 0 2.016 0.02016 731.5 21.945 477 4 2 0.05
60.6 0 2.0145 0.020145 731.5 21.945 477 4 2 0.05
60.7 0 2.016 0.02016 731.5 21.945 477 4 2 0.05
60.8 0 2.016 0.02016 731.5 21.945 477 4 2 0.05
60.9 0 2.0145 0.020145 731.5 21.945 477 4 2 0.05
61 0 2.013 0.02013 731 21.93 477 4 2 0.05
61.1 0 2.013 0.02013 731 21.93 477 4 2 0.05
61.2 0 1.9755 0.019755 728 21.84 477 4 2 0.05
61.3 0 1.8945 0.018945 719 21.57 477 4 2 0.05
61.4 0 1.7925 0.017925 704 21.12 477 4 2 0.05
61.5 0 1.686 0.01686 684 20.52 477 4 2 0.05
61.6 0 1.659 0.01659 674.5 20.235 477 4 2 0.05
61.7 0 1.6335 0.016335 667.5 20.025 477 4 2 0.05
61.8 0 1.584 0.01584 658.5 19.755 477 4 2 0.05
61.9 0 1.542 0.01542 648 19.44 477 4 2 0.05
62 0 1.497 0.01497 637.5 19.125 477 4 2 0.05
62.1 0 1.4325 0.014325 622 18.66 477 4 2 0.05
62.2 0 1.3635 0.013635 605 18.15 477 4 2 0.05
62.3 0 1.308 0.01308 588 17.64 477 4 2 0.05
62.4 0 1.2585 0.012585 573.5 17.205 477 4 2 0.05
62.5 0 1.191 0.01191 555.5 16.665 477 4 2 0.05
62.6 0 1.14 0.0114 537.5 16.125 477 4 2 0.05
62.7 0 1.1025 0.011025 524.5 15.735 477 4 2 0.05
62.8 0 1.0515 0.010515 509.5 15.285 477 4 2 0.05
62.9 0 0.9705 0.009705 486 14.58 477 4 2 0.05
63 0 0.9 0.009 461 13.83 477 4 2 0.05
63.1 0 0.8625 0.008625 445.5 13.365 477 4 2 0.05
63.2 0 0.8235 0.008235 430.5 12.915 477 4 2 0.05
63.3 0 0.756 0.00756 409 12.27 477 4 2 0.05
63.4 0 0.717 0.00717 391.5 11.745 477 4 2 0.05
63.5 0 0.699 0.00699 382 11.46 477 4 2 0.05
63.6 0 0.642 0.00642 364 10.92 477 4 2 0.05
63.7 0 0.5775 0.005775 339 10.17 477 4 2 0.05
63.8 0 0.5235 0.005235 315 9.45 477 4 2 0.05
63.9 0 0.477 0.00477 294.5 8.835 477 4 2 0.05
64 0 0.4365 0.004365 276 8.28 477 4 2 0.05
64.1 0 0.3975 0.003975 257 7.71 477 4 2 0.05
64.2 0 0.342 0.00342 233 6.99 477 4 2 0.05
64.3 0 0.309 0.00309 216.5 6.495 477 4 2 0.05
64.4 0 0.276 0.00276 199 5.97 477 4 2 0.05
64.5 0 0.222 0.00222 177.5 5.325 477 4 2 0.05
64.6 0 0.1695 0.001695 152 4.56 477 4 2 0.05
64.7 0 0.1485 0.001485 137 4.11 477 4 2 0.05
64.8 0 0.1305 0.001305 128 3.84 477 4 2 0.05
64.9 0 0.1035 0.001035 116.5 3.495 477 4 2 0.05
65 0 0.0855 0.000855 105.5 3.165 477 4 2 0.05
65.1 0 0.0765 0.000765 98 2.94 477 4 2 0.05
65.2 0 0.0495 0.000495 87.5 2.625 477 4 2 0.05
65.3 0 0.03 0.0003 77 2.31 477 4 2 0.05
65.4 0 0.0135 0.000135 69.5 2.085 477 4 2 0.05
65.5 0 0 0 60.5 1.815 477 4 2 0.05
65.6 0 0.003 3E-05 58 1.74 477 4 2 0.05
65.7 0 0 0 56.5 1.695 477 4 2 0.05
65.8 0 0 0 56 1.68 477 4 2 0.05
65.9 0 0.0015 1.5E-05 55 1.65 477 4 2 0.05
66 0 0 0 55 1.65 477 4 2 0.05
66.1 0 0.0015 1.5E-05 54.5 1.635 477 4 2 0.05
66.2 0 0 0 54.5 1.635 477 4 2 0.05
66.3 0 0.0015 1.5E-05 54 1.62 477 4 2 0.05
66.4 0 0 0 54 1.62 477 4 2 0.05
66.5 0 0.0015 1.5E-05 54.5 1.635 477 4 2 0.05
66.6 0 0 0 54 1.62 477 4 2 0.05
66.7 0 0 0 54 1.62 477 4 2 0.05
66.8 0 0.0015 1.5E-05 54 1.62 477 4 2 0.05
66.9 0 0 0 54 1.62 477 4 2 0.05
67 0 0 0 54 1.62 477 4 2 0.05
67.1 0 0 0 54 1.62 477 4 2 0.05
67.2 0 0.0015 1.5E-05 54 1.62 477 4 2 0.05
67.3 0 0 0 54 1.62 477 4 2 0.05
67.4 0 0.0015 1.5E-05 54 1.62 477 4 2 0.05
67.5 0 -0.0015 -1.5E-05 54 1.62 477 4 2 0.05
67.6 0 -0.0015 -1.5E-05 54 1.62 477 4 2 0.05
67.7 0 0 0 54 1.62 477 4 2 0.05
67.8 0 0 0 54 1.62 477 4 2 0.05
67.9 0 0.0015 1.5E-05 54 1.62 477 4 2 0.05
68 0 -0.0015 -1.5E-05 54 1.62 477 4 2 0.05
68.1 0 -0.06 -0.0006 37 1.11 477 4 2 0.05
68.2 0 -0.099 -0.00099 18.5 0.555 477 4 2 0.05
68.3 0 -0.1455 -0.001455 -1.5 -0.045 477 4 2 0.05
68.4 0 -0.282 -0.00282 -48 -1.44 477 4 2 0.05
68.5 0 -0.375 -0.00375 -97.5 -2.925 477 4 2 0.05
68.6 0 -0.372 -0.00372 -112 -3.36 477 4 2 0.05
68.7 0 -0.3795 -0.003795 -119.5 -3.585 477 4 2 0.05
68.8 0 -0.3945 -0.003945 -126.5 -3.795 477 4 2 0.05
68.9 0 -0.426 -0.00426 -136.5 -4.095 477 4 2 0.05
69 0 -0.477 -0.00477 -154.5 -4.635 477 4 2 0.05
69.1 0 -0.528 -0.00528 -175.5 -5.265 477 4 2 0.05
69.2 0 -0.5955 -0.005955 -202 -6.06 477 4 2 0.05
69.3 0 -0.6675 -0.006675 -232 -6.96 477 4 2 0.05
69.4 0 -0.7485 -0.007485 -264.5 -7.935 477 4 2 0.05
69.5 0 -0.8235 -0.008235 -296.5 -8.895 477 4 2 0.05
69.6 0 -0.915 -0.00915 -332.5 -9.975 477 4 2 0.05
69.7 0 -1.002 -0.01002 -367.5 -11.025 477 4 2 0.05
69.8 0 -1.0755 -0.010755 -399.5 -11.985 477 4 2 0.05
69.9 0 -1.137 -0.01137 -427 -12.81 477 4 2 0.05
70 0 -1.209 -0.01209 -454 -13.62 477 4 2 0.05
70.1 0 -1.2945 -0.012945 -485 -14.55 477 4 2 0.05
70.2 0 -1.377 -0.01377 -515 -15.45 477 4 2 0.05
70.3 0 -1.455 -0.01455 -545 -16.35 477 4 2 0.05
70.4 0 -1.554 -0.01554 -576 -17.28 477 4 2 0.05
70.5 0 -1.656 -0.01656 -609.5 -18.285 477 4 2 0.05
70.6 0 -1.749 -0.01749 -640.5 -19.215 477 4 2 0.05
70.7 0 -1.851 -0.01851 -671 -20.13 477 4 2 0.05
70.8 0 -1.926 -0.01926 -697.5 -20.925 477 4 2 0.05
70.9 0 -1.962 -0.01962 -713.5 -21.405 477 4 2 0.05
71 0 -1.9875 -0.019875 -724.5 -21.735 477 4 2 0.05
71.1 0 -2.001 -0.02001 -731.5 -21.945 477 4 2 0.05
71.2 0 -2.013 -0.02013 -735.5 -22.065 477 4 2 0.05
71.3 0 -2.0175 -0.020175 -739 -22.17 477 4 2 0.05
71.4 0 -2.0235 -0.020235 -741 -22.23 477 4 2 0.05
71.5 0 -2.0235 -0.020235 -742 -22.26 477 4 2 0.05
71.6 0 -2.0265 -0.020265 -742.5 -22.275 477 4 2 0.05
71.7 0 -2.0295 -0.020295 -743 -22.29 477 4 2 0.05
71.8 0 -2.0295 -0.020295 -743.5 -22.305 477 4 2 0.05
71.9 0 -2.0295 -0.020295 -744 -22.32 477 4 2 0.05
72 0 -2.0295 -0.020295 -744 -22.32 477 4 2 0.05
72.1 0 -2.031 -0.02031 -744 -22.32 477 4 2 0.05
72.2 0 -2.0295 -0.020295 -744.5 -22.335 477 4 2 0.05
72.3 0 -2.031 -0.02031 -744.5 -22.335 477 4 2 0.05
72.4 0 -2.0325 -0.020325 -744.5 -22.335 477 4 2 0.05
72.5 0 -2.031 -0.02031 -744 -22.32 477 4 2 0.05
72.6 0 -2.0325 -0.020325 -744.5 -22.335 477 4 2 0.05
72.7 0 -2.0325 -0.020325 -744.5 -22.335 477 4 2 0.05
72.8 0 -2.031 -0.02031 -744.5 -22.335 477 4 2 0.05
72.9 0 -2.0295 -0.020295 -744.5 -22.335 477 4 2 0.05
73 0 -2.031 -0.02031 -744.5 -22.335 477 4 2 0.05
73.1 0 -2.0295 -0.020295 -744.5 -22.335 477 4 2 0.05
73.2 0 -2.0295 -0.020295 -744.5 -22.335 477 4 2 0.05
73.3 0 -2.028 -0.02028 -744 -22.32 477 4 2 0.05
73.4 0 -1.983 -0.01983 -741.5 -22.245 477 4 2 0.05
73.5 0 -1.8525 -0.018525 -724.5 -21.735 477 4 2 0.05
73.6 0 -1.7205 -0.017205 -703 -21.09 477 4 2 0.05
73.7 0 -1.5555 -0.015555 -671 -20.13 477 4 2 0.05
73.8 0 -1.398 -0.01398 -634 -19.02 477 4 2 0.05
73.9 0 -1.2795 -0.012795 -599 -17.97 477 4 2 0.05
74 0 -1.1895 -0.011895 -569.5 -17.085 477 4 2 0.05
74.1 0 -1.1025 -0.011025 -542 -16.26 477 4 2 0.05
74.2 0 -1.008 -0.01008 -512.5 -15.375 477 4 2 0.05
74.3 0 -0.9195 -0.009195 -483 -14.49 477 4 2 0.05
74.4 0 -0.8145 -0.008145 -447.5 -13.425 477 4 2 0.05
74.5 0 -0.7275 -0.007275 -414.5 -12.435 477 4 2 0.05
74.6 0 -0.6345 -0.006345 -378 -11.34 477 4 2 0.05
74.7 0 -0.531 -0.00531 -337.5 -10.125 477 4 2 0.05
74.8 0 -0.432 -0.00432 -294 -8.82 477 4 2 0.05
74.9 0 -0.309 -0.00309 -241 -7.23 477 4 2 0.05
75 0 -0.1695 -0.001695 -178.5 -5.355 477 4 2 0.05
75.1 0 -0.0765 -0.000765 -130.5 -3.915 477 4 2 0.05
75.2 0 -0.015 -0.00015 -96 -2.88 477 4 2 0.05
75.3 0 0 0 -77.5 -2.325 477 4 2 0.05
75.4 0 0.003 3E-05 -70 -2.1 477 4 2 0.05
75.5 0 0.003 3E-05 -66.5 -1.995 477 4 2 0.05
75.6 0 0.0015 1.5E-05 -64 -1.92 477 4 2 0.05
75.7 0 0 0 -64 -1.92 477 4 2 0.05
75.8 0 0 0 -63 -1.89 477 4 2 0.05
75.9 0 0.003 3E-05 -62.5 -1.875 477 4 2 0.05
76 0 0.0015 1.5E-05 -62 -1.86 477 4 2 0.05
76.1 0 0 0 -62 -1.86 477 4 2 0.05
76.2 0 0 0 -61.5 -1.845 477 4 2 0.05
76.3 0 0 0 -61.5 -1.845 477 4 2 0.05
76.4 0 0 0 -61.5 -1.845 477 4 2 0.05
76.5 0 0 0 -61.5 -1.845 477 4 2 0.05
76.6 0 0 0 -61.5 -1.845 477 4 2 0.05
76.7 0 0 0 -61.5 -1.845 477 4 2 0.05
76.8 0 0.0015 1.5E-05 -61.5 -1.845 477 4 2 0.05
76.9 0 -0.0015 -1.5E-05 -61.5 -1.845 477 4 2 0.05
77 0 0 0 -61.5 -1.845 477 4 2 0.05
77.1 0 0 0 -61 -1.83 477 4 2 0.05
77.2 0 -0.003 -3E-05 -61.5 -1.845 477 4 2 0.05
77.3 0 0 0 -61.5 -1.845 477 4 2 0.05
77.4 0 0 0 -61.5 -1.845 477 4 2 0.05
77.5 0 0 0 -61 -1.83 477 4 2 0.05
77.6 0 0 0 -61 -1.83 477 4 2 0.05
77.7 0 0.0015 1.5E-05 -61 -1.83 477 4 2 0.05
77.8 0 -0.0015 -1.5E-05 -61 -1.83 477 4 2 0.05
77.9 0 0 0 -61 -1.83 477 4 2 0.05
78 0 0 0 -61 -1.83 477 4 2 0.05
78.1 0 0 0 -61 -1.83 477 4 2 0.05
78.2 0 -0.0015 -1.5E-05 -61 -1.83 477 4 2 0.05
78.3 0 0.0015 1.5E-05 -61 -1.83 477 4 2 0.05
78.4 0 0 0 -61 -1.83 477 4 2 0.05
78.5 0 -0.0015 -1.5E-05 -61.5 -1.845 477 4 2 0.05
78.6 0 0 0 -61 -1.83 477 4 2 0.05
78.7 0 0.0885 0.000885 -41.5 -1.245 477 4 2 0.05
78.8 0 0.165 0.00165 -8 -0.24 477 4 2 0.05
78.9 0 0.2655 0.002655 33.5 1.005 477 4 2 0.05
79 0 0.381 0.00381 81.5 2.445 477 4 2 0.05
79.1 0 0.498 0.00498 131 3.93 477 4 2 0.05
79.2 0 0.6045 0.006045 178 5.34 477 4 2 0.05
79.3 0 0.711 0.00711 224 6.72 477 4 2 0.05
79.4 0 0.822 0.00822 270.5 8.115 477 4 2 0.05
79.5 0 0.9315 0.009315 316.5 9.495 477 4 2 0.05
79.6 0 1.0215 0.010215 357 10.71 477 4 2 0.05
79.7 0 1.11 0.0111 393.5 11.805 477 4 2 0.05
79.8 0 1.191 0.01191 428 12.84 477 4 2 0.05
79.9 0 1.299 0.01299 466.5 13.995 477 4 2 0.05
80 0 1.419 0.01419 508.5 15.255 477 4 2 0.05
80.1 0 1.554 0.01554 552.5 16.575 477 4 2 0.05
80.2 0 1.713 0.01713 602.5 18.075 477 4 2 0.05
80.3 0 1.836 0.01836 647 19.41 477 4 2 0.05
80.4 0 1.899 0.01899 676.5 20.295 477 4 2 0.05
80.5 0 1.9365 0.019365 695 20.85 477 4 2 0.05
80.6 0 1.962 0.01962 707 21.21 477 4 2 0.05
80.7 0 1.9785 0.019785 715 21.45 477 4 2 0.05
80.8 0 1.9905 0.019905 720.5 21.615 477 4 2 0.05
80.9 0 1.998 0.01998 723.5 21.705 477 4 2 0.05
81 0 2.001 0.02001 726 21.78 477 4 2 0.05
81.1 0 2.0055 0.020055 727.5 21.825 477 4 2 0.05
81.2 0 2.0085 0.020085 728.5 21.855 477 4 2 0.05
81.3 0 2.01 0.0201 729.5 21.885 477 4 2 0.05
81.4 0 2.013 0.02013 730.5 21.915 477 4 2 0.05
81.5 0 2.01 0.0201 730.5 21.915 477 4 2 0.05
81.6 0 2.0085 0.020085 730 21.9 477 4 2 0.05
81.7 0 2.0085 0.020085 730 21.9 477 4 2 0.05
81.8 0 2.0085 0.020085 730 21.9 477 4 2 0.05
81.9 0 2.0085 0.020085 730 21.9 477 4 2 0.05
82 0 2.013 0.02013 730 21.9 477 4 2 0.05
82.1 0 2.0115 0.020115 730.5 21.915 477 4 2 0.05
82.2 0 2.01 0.0201 730.5 21.915 477 4 2 0.05
82.3 0 1.9935 0.019935 728 21.84 477 4 2 0.05
82.4 0 2.016 0.02016 730.5 21.915 477 4 2 0.05
82.5 0 2.019 0.02019 731.5 21.945 477 4 2 0.05
82.6 0 2.0205 0.020205 732 21.96 477 4 2 0.05
82.7 0 2.0205 0.020205 732 21.96 477 4 2 0.05
82.8 0 2.0205 0.020205 732.5 21.975 477 4 2 0.05
82.9 0 2.0205 0.020205 732.5 21.975 477 4 2 0.05
83 0 2.022 0.02022 733 21.99 477 4 2 0.05
83.1 0 2.0205 0.020205 732.5 21.975 477 4 2 0.05
83.2 0 2.022 0.02022 733 21.99 477 4 2 0.05
83.3 0 2.0235 0.020235 733 21.99 477 4 2 0.05
