#H_Fe[T] err_H_Fe[T]
0.00000000000000000000 0.00000000000000000000
0.00000000000000000000 0.00000000000000000000
0.00000000000000000000 0.00000000000000000000
-3.14465408805031465533 0.04103992938202469937
-3.14465408805031465533 0.04103992938202469937
0.00000000000000000000 0.00000000000000000000
0.00000000000000000000 0.00000000000000000000
3.14465408805031465533 0.04103992938202469937
0.00000000000000000000 0.00000000000000000000
0.00000000000000000000 0.00000000000000000000
3.14465408805031465533 0.04103992938202469937
-6289.30817610062877065502 82.07985876404940484008
0.00000000000000000000 0.00000000000000000000
-3.14465408805031465533 0.04103992938202469937
3.14465408805031465533 0.04103992938202469937
0.00000000000000000000 0.00000000000000000000
3.14465408805031465533 0.04103992938202469937
3.14465408805031465533 0.04103992938202469937
6289.30817610062877065502 82.07985876404940484008
0.00000000000000000000 0.00000000000000000000
-3.14465408805031465533 0.04103992938202469937
3.14465408805031465533 0.04103992938202469937
3.14465408805031465533 0.04103992938202469937
0.00000000000000000000 0.00000000000000000000
0.00000000000000000000 0.00000000000000000000
-3.14465408805031465533 0.04103992938202469937
0.00000000000000000000 0.00000000000000000000
1.47636327995916838418 0.07339298702179750111
31.63846840863512355213 0.40922814774147336925
179.88012254836053216422 2.55404022918447903834
295697.58172521501546725631 3858.29474790018457497354
527.31273576610885811533 8.17923960210213607525
421560.48662439978215843439 5500.30784542052151664393
681.71082749889956176048 10.97675426278587451634
717.26166010811289197591 11.69463321137263278615
765.39110906952760160493 12.52141440309862119307
572592.30226364370901137590 7470.70380697989094187506
597769.55445774330291897058 7799.13190859248334163567
610361.51713640929665416479 7963.36413760441246267874
975.87624874792459195305 16.27891948010398692759
704751.18850216153077781200 9194.83327991085207031574
1112.69085170424068564898 18.83187363809824077521
1194.70284246677738337894 20.32969268222373671051
843206.05608001223299652338 11001.07893958914974064101
887261.24254726234357804060 11575.80091997624913346954
1455.36957697094430841389 25.16690136227603957764
1503.88288098862290098623 26.17962889215781885355
1563.49843807854335864249 27.32485645559349407563
1616.82468699236346765247 28.42241121542722481763
1626.83443184091038347105 28.77576879873493709283
1032045.45728060789406299591 13464.34482527626096270978
1632.22315932144761063682 29.14249365331452423789
1641.84904911373064351210 29.30804322608808831774
1088670.91864601871930062771 14203.18078685108594072517
1844.89331544723518163664 32.46715018873957347978
1296326.52735986537300050259 16912.40379949222187860869
1390729.54505208227783441544 18143.94576341321953805164
2308.08759064560717888526 40.98109668417848183708
1522903.44590787286870181561 19868.15733919031845289283
2509.71455064424935699208 44.96857383307192179700
2649.48188016048379722633 47.46412157733833936391
1749465.34983860747888684273 22823.82896841640103957616
1799823.19080842286348342896 23480.70358939959987765178
1869048.95630654017440974712 24383.81738393429623101838
1919406.79727635555900633335 25040.69201770259314798750
1982341.58630756428465247154 25861.71698390443998505361
3288.76202759683155818493 59.59737932142548544334
3369.48958260754125149106 61.23360325641324664048
3443.54397438588603108656 62.63077563145972703751
2177445.27132213907316327095 28406.92627722026008996181
3599.61035692676796315936 65.53073606315032861858
2278137.59719045646488666534 29720.54800234673166414723
3771.59193743603327675373 68.64174721606053708456
3845.64632921437851109658 70.03898891384440617003
2435470.39904145803302526474 31773.08764373035228345543
4009.67031073945190655650 73.04449675911189387989
4075.57517600547316760640 25157.32966607950220350176
2555045.66405535023659467697 33333.03053027754504000768
4212.19785143365697877016 76.71154047570693990110
2655727.98017881903797388077 34646.59757631999673321843
4356.97005337416521797422 79.38628336828922726909
2724958.75054936064407229424 35549.73871251814853167161
4480.63025739388376678107 81.57337623679731564152
4568.73962880438921274617 83.02494623485569036347
4633.16813079045095946640 84.25671180713828789521
4702.21765014452284958679 85.47436324284919351157
4772.74353277855334454216 86.65511354142196864814
4824.40149088428279355867 87.69854513574236420936
3014435.42402160679921507835 39326.32599067606497555971
4916.03937143910206941655 89.36668162733950282473
4954.54293060823420091765 90.02830152971820609764
4962.88438464868977462174 90.32754176662700729139
4972.51027444097235274967 90.49293369320271551715
4975.84685605715458223131 90.61268990470034623286
3096249.81561677390709519386 40393.65389392033102922142
3108836.77342301560565829277 40557.85888774084014585242
3108840.11000463180243968964 40557.87711354400380514562
5033.60219481085277948296 91.60502570078172368540
5033.60219481085277948296 91.60502570078172368540
5049.51739277923570625717 91.81610607730334550070
5081.53971624413497920614 31446.66071700961765600368
5139.10312746970066655194 93.23097927717788024893
3215805.06114096892997622490 41953.48743010316684376448
3222102.71077110990881919861 42035.61270671083912020549
5205.19992026385443750769 94.52244033821631319370
3228398.69211044302210211754 42117.72887176130461739376
5222.78340904032847902272 94.79347293475731817125
5226.11999065651070850436 94.91307237236550520265
5227.78828146460182324518 94.97288573844993209150
5235.74588044879419612698 95.07848473911097642031
5243.70347943298565951409 95.18409951664060031362
5239.08246206497642560862 95.19811473523576239586
3247279.96296520950272679329 42364.04091839691682253033
3247279.96296520950272679329 42364.04091839691682253033
5239.08246206497642560862 95.19811473523576239586
3247279.96296520950272679329 42364.04091839691682253033
5247.04006104916788899573 95.30370560125923873329
5239.08246206497642560862 95.19811473523576239586
5245.37177024107677425491 95.24389802488791190171
3253570.93943211855366826057 42446.12974678237515036017
3253574.27601373475044965744 42446.14797143811301793903
5288.49634677821813966148 95.89165238788847034357
5307.74812636278329591732 96.22250750907741689844
3310198.06908833747729659081 43184.97476655102946097031
3310201.40566995367407798767 43184.99298982002801494673
3310203.07396076153963804245 43185.00210160586721030995
3322786.69518538704141974449 43349.18887154513504356146
5370.31641001262323698029 97.29781007805362946783
3354248.25068316329270601273 43759.66946455158176831901
5415.30120488598640804412 98.10200135844495150650
3373126.18495631357654929161 44005.96328743881895206869
3373129.52153792977333068848 44005.98151029972359538078
3379420.49800483835861086845 44088.07033977034006966278
3379422.16629564668983221054 44088.07945122033561347052
3392007.45581108005717396736 44252.27533308882266283035
5481.01414262387606868288 99.20035330674758711211
5500.26592220844213443343 99.53124108788753687804
5525.80700996910854883026 99.90820711376395024672
5559.49762424209893652005 100.48729401597590538131
3473805.16449816618114709854 45319.51212261683394899592
3480099.47754669096320867538 45401.61917448666645213962
3486393.79059521621093153954 45483.72622640497138490900
3498977.41181984171271324158 45647.91299796864768723026
3517853.67780218413099646568 45894.19771098862111102790
3536728.27549371821805834770 46140.47331407121964730322
5687.77884562982671923237 102.66136728925150123359
3568193.16757311020046472549 46550.97213079057110007852
5751.82349255962526513031 103.70044908021377239038
3599656.39136169431731104851 46961.46183742817083839327
5790.32705172875739663141 104.36235834694916491117
5817.53643029751401627436 104.79922530117367784896
3662574.49748482229188084602 47782.39570337982877390459
3700327.02944950666278600693 48274.96513449028861941770
5947.29401496520222281106 106.93747207179953306877
5976.17168434205086668953 107.43396728451013188987
6005.04935371889951056801 107.93046742217539701869
3782129.74300901731476187706 49342.22926736302179051563
6045.22120369612275680993 108.65196891321359373705
6054.84709348840533493785 108.81747007699584628426
6064.47298328068791306578 108.98297177432930027408
3801012.68215459212660789490 49588.55041864501981763169
3801014.35044539999216794968 49588.55952752281154971570
6074.09887307297049119370 109.14847400278689804054
6075.76716388106251542922 109.20796974061929063282
6077.43545468915363017004 109.26747371827411825507
3807306.99520311690866947174 49670.65746917064825538546
6077.43545468915363017004 109.26747371827411825507
6077.43545468915363017004 109.26747371827411825507
6077.43545468915363017004 109.26747371827411825507
6077.43545468915363017004 109.26747371827411825507
3845052.85400456935167312622 50163.19046813937893602997
3882805.38596925372257828712 50655.75990303972503170371
3926850.56269165547564625740 51230.42728090069431345910
6266.23281386236612888752 112.26759034661650105136
6267.90110467045724362833 112.32699495325114469324
6277.52699446273982175626 112.49251798225546394860
6306.21273631145595572889 112.89368821742928616914
6344.52436795245648681885 113.46051343236257480385
4008651.60796035779640078545 52297.68231210656085750088
6395.79847100192091602366 114.31164835569474291788
6437.44668425910276710056 114.99727716015313205844
6498.15474957271908351686 115.91897816628004136419
6527.03241894956772739533 116.41564381879750555981
6557.57837913450748601463 116.97157199086876744332
6600.70295567164885142120 117.62162183449325425499
6637.53822403268986818148 118.22464993084817308500
4247745.41610066685825586319 55417.25841806490643648431
4304374.21404769457876682281 56156.11258503244607709348
4354710.36723700445145368576 56812.86881108204397605732
6890.38023013569909380749 122.26921221106935888656
6927.21549849674011056777 122.87247379423324389336
6943.32262399325554724783 44025.30754519040783634409
4417641.81968659628182649612 57633.87555064354091882706
4417645.15626821294426918030 57633.89376017297763610259
6977.01323826624593493761 123.75950514356972576024
4423937.80102592986077070236 57715.99170270285685546696
4430228.77749283798038959503 57798.08054045935568865389
4430228.77749283798038959503 57798.08054045935568865389
4430230.44578364677727222443 57798.08964523512986488640
4430228.77749283798038959503 57798.08054045935568865389
4430230.44578364677727222443 57798.08964523512986488640
6988.30741886662053730106 123.98418247468705999381
6982.01811069051927916007 123.93679626224303547133
4430230.44578364677727222443 57798.08964523512986488640
6988.30741886662053730106 123.98418247468705999381
6980.34981988242816441925 123.87769157298464506312
6982.01811069051927916007 123.93679626224303547133
6988.30741886662053730106 123.98418247468705999381
6988.30741886662053730106 123.98418247468705999381
6989.97570967471165204188 124.04327816554078367517
4430230.44578364677727222443 57798.08964523512986488640
4430230.44578364677727222443 57798.08964523512986488640
6988.30741886662053730106 123.98418247468705999381
6989.97570967471165204188 124.04327816554078367517
4436519.75395974703133106232 57880.16937832011899445206
6989.97570967471165204188 124.04327816554078367517
6989.97570967471165204188 124.04327816554078367517
4436519.75395974703133106232 57880.16937832011899445206
4430230.44578364677727222443 57798.08964523512986488640
4436521.42225055489689111710 57880.17848300730111077428
6986.63912805852942256024 123.92509443189464946045
4430232.11407445464283227921 57798.09875008628296200186
4436521.42225055489689111710 57880.17848300730111077428
6988.30741886662053730106 123.98418247468705999381
6989.97570967471165204188 124.04327816554078367517
6989.97570967471165204188 124.04327816554078367517
4436521.42225055489689111710 57880.17848300730111077428
4430230.44578364677727222443 57798.08964523512986488640
4436519.75395974703133106232 57880.16937832011899445206
6988.30741886662053730106 123.98418247468705999381
4430232.11407445464283227921 57798.09875008628296200186
4430232.11407445464283227921 57798.09875008628296200186
4436521.42225055489689111710 57880.17848300730111077428
6988.30741886662053730106 123.98418247468705999381
6989.97570967471165204188 124.04327816554078367517
4430232.11407445464283227921 57798.09875008628296200186
6988.30741886662053730106 123.98418247468705999381
6989.97570967471165204188 124.04327816554078367517
4436521.42225055489689111710 57880.17848300730111077428
4430232.11407445464283227921 57798.09875008628296200186
6988.30741886662053730106 123.98418247468705999381
6988.30741886662053730106 123.98418247468705999381
6989.97570967471165204188 124.04327816554078367517
4436521.42225055489689111710 57880.17848300730111077428
4436521.42225055489689111710 57880.17848300730111077428
4436521.42225055489689111710 57880.17848300730111077428
4436521.42225055489689111710 57880.17848300730111077428
6989.97570967471165204188 124.04327816554078367517
4430232.11407445464283227921 57798.09875008628296200186
6988.30741886662053730106 123.98418247468705999381
4436521.42225055489689111710 57880.17848300730111077428
4436521.42225055489689111710 57880.17848300730111077428
4436521.42225055489689111710 57880.17848300730111077428
6989.97570967471165204188 124.04327816554078367517
6989.97570967471165204188 124.04327816554078367517
6989.97570967471165204188 124.04327816554078367517
6989.97570967471165204188 124.04327816554078367517
6989.97570967471165204188 124.04327816554078367517
6996.26501785081109119346 124.09068395368433357362
4436521.42225055489689111710 57880.17848300730111077428
6989.97570967471165204188 124.04327816554078367517
4436521.42225055489689111710 57880.17848300730111077428
6989.97570967471165204188 124.04327816554078367517
4436521.42225055489689111710 57880.17848300730111077428
6989.97570967471165204188 124.04327816554078367517
6989.97570967471165204188 124.04327816554078367517
4436521.42225055489689111710 57880.17848300730111077428
4436521.42225055489689111710 57880.17848300730111077428
4436521.42225055489689111710 57880.17848300730111077428
4430232.11407445464283227921 57798.09875008628296200186
6988.30741886662053730106 123.98418247468705999381
6989.97570967471165204188 124.04327816554078367517
4436521.42225055489689111710 57880.17848300730111077428
6989.97570967471165204188 124.04327816554078367517
6988.30741886662053730106 123.98418247468705999381
4436521.42225055489689111710 57880.17848300730111077428
4436521.42225055489689111710 57880.17848300730111077428
6989.97570967471165204188 124.04327816554078367517
4436521.42225055489689111710 57880.17848300730111077428
4436521.42225055489689111710 57880.17848300730111077428
6989.97570967471165204188 124.04327816554078367517
4436521.42225055489689111710 57880.17848300730111077428
6989.97570967471165204188 124.04327816554078367517
4436521.42225055489689111710 57880.17848300730111077428
6989.97570967471165204188 124.04327816554078367517
6989.97570967471165204188 124.04327816554078367517
4436521.42225055489689111710 57880.17848300730111077428
4436521.42225055489689111710 57880.17848300730111077428
6996.26501785081109119346 124.09068395368433357362
6989.97570967471165204188 124.04327816554078367517
6989.97570967471165204188 124.04327816554078367517
6989.97570967471165204188 124.04327816554078367517
6989.97570967471165204188 124.04327816554078367517
6989.97570967471165204188 124.04327816554078367517
4430232.11407445464283227921 57798.09875008628296200186
6942.61397082582425355213 123.59403733502497857444
6771.26722984605112287682 121.56658230930374031686
6596.58390725009667221457 119.42915689990695682354
3958438.90829084627330303192 51641.60029355278675211594
3782289.89892659382894635201 49343.10410332187166204676
3599843.23993220087140798569 46962.48274491464690072462
3442553.81364220986142754555 44910.18027301302208798006
5530.01465889517021423671 104.44396844523811296312
3153132.19376663072034716606 41133.89428925644460832700
5233.85614872688620380359 99.69501433650714261603
5136.12088752409817971056 98.08685799597751042711
2920321.02063918951898813248 38096.36210459175345022231
4871.98470082071344222641 93.86148393508878484681
4774.24943961792541813338 92.25582214209835285601
2744126.96742311865091323853 35797.62006628071685554460
4661.88341619858056219527 90.30186304388845996982
2637160.34799597365781664848 34402.00096300523000536487
4463.46016723308548534987 87.17591071432413230013
2479859.24367032619193196297 32349.63506109048466896638
4264.65306321132629818749 83.84816818172306795987
2354008.01680679805576801300 30707.68573827016734867357
4049.93076122118372950354 80.31909092718397857880
2228155.12165246158838272095 29065.72732066674871020950
3910.16343170494974401663 77.83586870596974449654
2146349.07151133520528674126 27998.44523007030875305645
3800.94206237365506240167 75.90752051774751407720
2089710.26381945959292352200 27259.53652942421103944071
2045663.41880624997429549694 26684.86026393163047032431
1982738.63951988983899354935 25863.89026729096076451242
3505.87606042906691072858 70.95260057944622644754
1900925.91621553082950413227 24796.57163820621281047352
1869462.69242694694548845291 24386.08208047050356981345
1837999.46863836282864212990 23975.59252818324239342473
1800240.26351044583134353161 23482.98676090843946440145
3202.46860444402318535140 65.69427145663671296916
1661807.08371310005895793438 21676.86031197134434478357
3044.92585862318219369627 62.84874874413892342773
1624039.53713114256970584393 21184.20876835678427596577
2941.99379746798831547494 60.96515542452279845520
1517066.24454076495021581650 19788.55364953762546065263
1460425.76855808123946189880 19049.63592949661324382760
1410079.60562392254360020161 18392.82528631852619582787
2571.01318540883175955969 54.47625650266652996834
1303092.96670708013698458672 16997.09699179550443659537
2442.15618143670781137189 52.01889824726312383518
1233860.52804573043249547482 16093.94687779192827292718
2326.26164887304867079365 49.85159662076991082813
1158345.45437151240184903145 15108.75399328679486643523
1101706.64667963702231645584 14369.84560905152466148138
1038766.85277600411791354418 13548.79346596111281542107
1001005.97935727890580892563 13056.17873595570381439757
1919.15442162028284656117 42.32270089846233673825
1841.76344822575538273668 40.80835577674241676505
887710.01277463883161544800 11578.26109479340630059596
1784.90869016762121646025 39.45976043752871476045
862532.76058053923770785332 11249.83292219916802423541
1677.35561164441787695978 37.61994236854580719864
1537.20442707191955378221 34.94909205501461002541
1458.14516286930120259058 33.37393827928556078177
1435.17294661228902441508 32.69928460496752364861
1359.83411908211678564840 31.47863634080312067454
1298.35834365597293071914 30.16157472609525314056
1262.80751104675982787739 29.42299324971188667632
1200.04729986878874115064 28.26900922768821544651
1164.49646725957541093521 27.53100355155884315650
1119.31974485807904784451 26.63349201070303351457
1077.47960407276514160912 25.86600615627045129941
967.87437968520680442452 23.75626473206794742055
916.21642157947792384221 22.71743470260465258548
340136.47507832600967958570 4435.12766932035538047785
302370.59678717661881819367 3942.48658570663610589691
270895.69496293592965230346 3531.93397358601532687317
233136.48983501887414604425 3039.33108539267686865060
201658.25142916198819875717 2628.76064906986175628845
157604.73325272003421559930 2054.05383184701031495933
119842.19154318681103177369 1561.43789670993146501132
107243.55570128846738953143 1397.16981563099921004323
75776.99533108822652138770 986.67731194873158528935
356.32033645691603851446 11.74167327337803179432
31716.80399141391171724536 411.99441122489076860802
245.23874878939847121728 9.79519514709127925300
-6055.74746296786815946689 81.34823778649133885210
228.74776823661898106366 9.25667616416910199462
228.55584070848701117029 9.12885534116670349647
226.88754990039586800776 9.06222136057424521027
225.21925909230472484523 8.99558737998178692408
225.21925909230472484523 8.99558737998178692408
222.07460500425440841354 8.99014288995098986845
225.21925909230472484523 8.99558737998178692408
225.21925909230472484523 8.99558737998178692408
223.55096828421358168271 8.92895339938932863788
223.55096828421358168271 8.92895339938932863788
228.36391318035504127693 9.00121569520729991609
223.55096828421358168271 8.92895339938932863788
226.69562237226389811440 8.93458239967574385787
226.69562237226389811440 8.93458239967574385787
223.55096828421358168271 8.92895339938932863788
223.55096828421358168271 8.92895339938932863788
223.55096828421358168271 8.92895339938932863788
223.55096828421358168271 8.92895339938932863788
223.55096828421358168271 8.92895339938932863788
223.55096828421358168271 8.92895339938932863788
220.40631419616326525102 8.92350959611431626683
220.40631419616326525102 8.92350959611431626683
223.55096828421358168271 8.92895339938932863788
223.55096828421358168271 8.92895339938932863788
223.55096828421358168271 8.92895339938932863788
223.55096828421358168271 8.92895339938932863788
223.55096828421358168271 8.92895339938932863788
223.55096828421358168271 8.92895339938932863788
226.69562237226389811440 8.93458239967574385787
226.69562237226389811440 8.93458239967574385787
223.55096828421358168271 8.92895339938932863788
220.40631419616326525102 8.92350959611431626683
223.55096828421358168271 8.92895339938932863788
223.55096828421358168271 8.92895339938932863788
223.55096828421358168271 8.92895339938932863788
226.69562237226389811440 8.93458239967574385787
223.55096828421358168271 8.92895339938932863788
223.55096828421358168271 8.92895339938932863788
223.55096828421358168271 8.92895339938932863788
220.40631419616326525102 8.92350959611431626683
220.40631419616326525102 8.92350959611431626683
226.69562237226389811440 8.93458239967574385787
223.55096828421358168271 8.92895339938932863788
225.21925909230472484523 8.99558737998178692408
223.55096828421358168271 8.92895339938932863788
223.55096828421358168271 8.92895339938932863788
223.55096828421358168271 8.92895339938932863788
226.69562237226389811440 8.93458239967574385787
223.55096828421358168271 8.92895339938932863788
223.55096828421358168271 8.92895339938932863788
223.55096828421358168271 8.92895339938932863788
220.40631419616326525102 8.92350959611431626683
226.69562237226389811440 8.93458239967574385787
226.69562237226389811440 8.93458239967574385787
226.69562237226389811440 8.93458239967574385787
226.69562237226389811440 8.93458239967574385787
226.69562237226389811440 8.93458239967574385787
223.55096828421358168271 8.92895339938932863788
223.55096828421358168271 8.92895339938932863788
226.69562237226389811440 8.93458239967574385787
226.69562237226389811440 8.93458239967574385787
223.55096828421358168271 8.92895339938932863788
220.40631419616326525102 8.92350959611431626683
143.78305091416385153025 8.06126466129778584957
-138214.63370148563990369439 1804.95764588070323952707
-220034.03016907698474824429 2872.30294601408922972041
-245221.29210802516900002956 3200.78282348399261536542
-203.19189360938190702655 3.57794730556864504223
-246.50839767465507179622 3.71535213790745855178
-320.56278945300010718711 4.21120515162836195344
-345930.30088442360283806920 4514.49117169134206051240
-406.29521688798314471569 5.23358054304589170869
-430.55186889682244100186 5.59766854312421280326
-456.47681171375285202885 6.01938539913973436057
-536.82051166819849186140 7.29624065426618617636
-583.66552487778596969292 8.13126806506661026219
-601.63286871052457627229 8.51566113113536005130
-478119.21635748702101409435 6238.78159363324266450945
-646.61766358388888420450 9.27948941154046558211
-679.02384210505192640994 9.92277797803993699688
-541052.33709788741543889046 7059.79701718563501344761
-799.53939203672030089365 12.02041983173502792681
-860.82323993473221435124 6289.31883817923517199233
-939.69057660921873775806 14.62060752968071852820
-1005.78736940337194027961 15.87693688280470460938
-792794.82980433793272823095 10343.91384657160597271286
-849438.64236863772384822369 11082.84977442525268997997
-1273.51112219616720722115 21.06183931693121280659
-1323.30886196567303159100 21.94591389396457259409
-931271.38516269391402602196 12150.27743269422899174970
-1479.37524450655473629013 24.82735567340217741616
-1606.56395767058779711078 27.21583833022498311038
-1170416.91031805402599275112 15270.13561987820503418334
-1886.86632681558467083960 32.56410969031391999806
-1940.38450325753660763439 33.75142701912083964544
-1277435.24676025030203163624 16666.03716352927585830912
-2030.73794806052910644212 35.54500201441129547675
-2126.99684598335807095282 37.20150131104452384534
-2246.22796016319944101269 39.49323716735057132610
-2344.53900395038408532855 41.39591051643272123783
-1529182.74433912499807775021 19950.18243793847068445757
-1566945.28604865819215774536 20442.80651259040678269230
-2534.87178334865166107193 45.15625174052241419531
-2610.59446593508801015560 46.61143496483931869534
-1686530.56080739898607134819 22002.80401040545621071942
-2795.53851785281858610688 50.00645837139364147106
-2879.21879942344685332500 51.56819536593233976873
-2974.19326159444835866452 53.35496366138865198536
-3062.87841558934997010510 55.09537711308654195363
-1988612.54328477592207491398 25943.69649157178719178773
-2083002.21465052803978323936 27175.16561653437383938581
-3443.67684496892161405412 61.91987844162114384972
-2227756.40014932770282030106 29063.54580128510497161187
-3693.04939887271393672563 66.54659688960336438868
-2366211.26772717852145433426 30869.79161146649130387232
-3923.17017319194110314129 70.84266198166646688605
-2542413.66239728964865207672 33168.57951908620452741161
-2630515.69387774961069226265 34317.97802818335185293108
-2693457.15607219049707055092 35139.03943336433439981192
-4370.44925042192971886834 79.15069443096295742635
-4441.16706058409181423485 80.42820949623958881602
-2781575.87046073097735643387 36288.52905304748128401116
-4518.55803397861927805934 81.94470599022216106277
-2863381.92060185782611370087 37355.81139644353970652446
-4742.71429823291327920742 85.58033639720723328992
-3064733.20652233064174652100 39982.87263328694825759158
-3133957.30372963985428214073 40885.97731822159403236583
-3178012.49019689019769430161 41460.69934683280735043809
-5171.45024904576712287962 93.13612046478712613862
-5216.62697144726371334400 94.03633861931771775744
-3316455.67973908409476280212 43266.88138811281532980502
-3404544.36489307926967740059 44416.20702621390228159726
-5589.60067242567856737878 100.04887221601987334907
-3631061.22497199522331357002 47371.63275328041345346719
-3731740.20451384829357266426 48685.18161581030290108174
-6113.25202846443789894693 108.59692927603744294629
-4002298.90473354980349540710 52215.25656350588542409241
-4121854.15025774482637643814 53775.09016236563911661506
-6622.65647734290359949227 116.99624864627170950371
-4291752.22213448211550712585 55991.71640968586871167645
-6792.96976704407825309318 120.04745193595613272919
-6825.18401803710912645329 120.66221804751342006057
-6847.77237923785833118018 121.11139791040906743547
-4373568.28202045802026987076 57059.05338966253475518897
-4379860.92677817493677139282 57141.15133239270653575659
-6884.60764759889843844576 121.71483747896820659662
-6886.27593840698955318658 121.77381921314265866840
-6887.94422921508066792740 121.83280883716585663024
-4386156.90811750758439302444 57223.26748250432865461335
-6895.90182819927213131450 121.93942502388892989984
-4386156.90811750758439302444 57223.26748250432865461335
-6895.90182819927213131450 121.93942502388892989984
-6897.57011900736324605532 121.99841341005058836799
-6895.90182819927213131450 121.93942502388892989984
-6895.90182819927213131450 121.93942502388892989984
-4386158.57640831544995307922 57223.27658630835503572598
-6897.57011900736324605532 121.99841341005058836799
-4392447.88458441570401191711 57305.35632149846060201526
-4392447.88458441570401191711 57305.35632149846060201526
-4392447.88458441570401191711 57305.35632149846060201526
-6903.85942718346359470161 122.04605174634511399745
-6897.57011900736324605532 121.99841341005058836799
-4392449.55287522450089454651 57305.36542521438968833536
-4392447.88458441570401191711 57305.35632149846060201526
-4392449.55287522450089454651 57305.36542521438968833536
-6899.23840981545436079614 122.05740966511345391154
-4392447.88458441570401191711 57305.35632149846060201526
-4392447.88458441570401191711 57305.35632149846060201526
-6905.52771799155470944243 122.10503102708146627720
-6897.57011900736324605532 121.99841341005058836799
-6905.52771799155470944243 122.10503102708146627720
-4398738.86105132475495338440 57387.44516059421584941447
-4392451.22116603236645460129 57305.37452900635253172368
-6905.52771799155470944243 122.10503102708146627720
-4392449.55287522450089454651 57305.36542521438968833536
-4392449.55287522450089454651 57305.36542521438968833536
-6905.52771799155470944243 122.10503102708146627720
-6905.52771799155470944243 122.10503102708146627720
-4398738.86105132475495338440 57387.44516059421584941447
-6907.19600879964673367795 122.16401817864476697650
-4392449.55287522450089454651 57305.36542521438968833536
-4398740.52934213262051343918 57387.45426422230229945853
-6913.48531697574708232423 122.21165916307303689337
-4398740.52934213262051343918 57387.45426422230229945853
-4398740.52934213262051343918 57387.45426422230229945853
-4398738.86105132475495338440 57387.44516059421584941447
-6913.48531697574708232423 122.21165916307303689337
-4398740.52934213262051343918 57387.45426422230229945853
-6905.52771799155470944243 122.10503102708146627720
-4398740.52934213262051343918 57387.45426422230229945853
-6907.19600879964673367795 122.16401817864476697650
-6907.19600879964673367795 122.16401817864476697650
-6907.19600879964673367795 122.16401817864476697650
-6907.19600879964673367795 122.16401817864476697650
-6907.19600879964673367795 122.16401817864476697650
-4398740.52934213262051343918 57387.45426422230229945853
-4398740.52934213262051343918 57387.45426422230229945853
-6907.19600879964673367795 122.16401817864476697650
-6913.48531697574708232423 122.21165916307303689337
-4398740.52934213262051343918 57387.45426422230229945853
-6907.19600879964673367795 122.16401817864476697650
-4398742.19763294141739606857 57387.46336792632791912183
-6915.15360778383819706505 122.27063722193834394147
-6915.15360778383819706505 122.27063722193834394147
-4398742.19763294141739606857 57387.46336792632791912183
-6908.86429960773784841876 122.22301318963917537985
-4398742.19763294141739606857 57387.46336792632791912183
-4398742.19763294141739606857 57387.46336792632791912183
-4398742.19763294141739606857 57387.46336792632791912183
-6915.15360778383819706505 122.27063722193834394147
-4398742.19763294141739606857 57387.46336792632791912183
-6915.15360778383819706505 122.27063722193834394147
-6918.29826187188882613555 44025.30507657547423150390
-6916.82189859192931180587 122.32962314215353671898
-6915.15360778383819706505 122.27063722193834394147
-6915.15360778383819706505 122.27063722193834394147
-6915.15360778383819706505 122.27063722193834394147
-6918.29826187188882613555 44025.30507657547423150390
-6918.29826187188882613555 44025.30507657547423150390
-6915.15360778383819706505 122.27063722193834394147
-6918.29826187188882613555 44025.30507657547423150390
-6918.29826187188882613555 44025.30507657547423150390
-6918.29826187188882613555 44025.30507657547423150390
-6915.15360778383819706505 122.27063722193834394147
-6915.15360778383819706505 122.27063722193834394147
-6916.82189859192931180587 122.32962314215353671898
-4398742.19763294141739606857 57387.46336792632791912183
-6858.16597914266822044738 121.65426401763141939227
-6801.17835050149915332440 121.03929136965462021180
-6699.58978204322829697048 119.81185346192961560519
-4172285.39602311607450246811 54432.36541714749910170212
-6623.15844628936156368582 118.77381665998274229423
-4147118.15357386507093906403 54103.99186588456359459087
-4115666.60782093787565827370 53693.56591685600142227486
-6529.33554928715147980256 117.56116127099626567087
-6473.63235639780941710342 116.81991518613772029767
-4008718.33959268126636743546 52298.04666759600513614714
-3977265.12554894573986530304 51887.61162721462460467592
-6368.51527879522473085672 115.38519392915536343480
-3933226.62198977684602141380 51312.98070989791449392214
-6296.89688793749883188866 114.43446422882193758142
-6247.48300322425711783580 113.74135105401424539195
-3832567.66193762095645070076 49999.54123864725261228159
-6180.48562973454045277322 112.77780916993833670858
-3801111.11131226923316717148 49589.08799277064827037975
-3788529.15837845206260681152 49424.91034092614427208900
-3782236.51362073514610528946 49342.81240091488871257752
-6083.32615111614813940832 111.45369449856308108338
-6011.70776025842224044027 110.50689459064859931914
-5943.04209596061446063686 109.48560049095461010893
-5884.00232145508925896138 108.63005495693390400902
-5855.12465207824061508290 108.13434120625588263920
-3562035.65437084902077913284 46469.61242369549290742725
-3543162.72497012279927730560 46223.34596203707042150199
-5802.37418574881667154841 107.32389055860899418349
-5770.54378981204990850529 106.90444065433986509106
-3486538.93189552007243037224 45484.51922970766463549808
-5709.83572449843450158369 105.98970782840594040408
-3429915.13882091734558343887 44745.69250701514101820067
-5631.54417040834323415766 104.80555172802969821078
-5604.33479183958570502000 104.37063448915539254358
-3310379.91278641903772950172 43185.96852305604988941923
-3266338.07264563394710421562 42611.31946110360877355561
-5390.38019996197090222267 101.21341726213167078186
-3178249.38749163877218961716 41461.99398126763117033988
-5279.87439487884967093123 99.41560616557329410625
-5258.95432448619249043986 99.02483934139026189314
-3077577.08111301856115460396 40148.48177553078130586073
-5088.12430914571905304911 96.51765047239777572941
-2964319.48521896451711654663 38670.77372849167295498773
-2939148.90618809731677174568 38342.38199559217900969088
-4943.73596226147492416203 94.04476286357312631026
-4898.94309491624244401464 93.34276842387875205986
-4830.27743061843466421124 92.33008287035012529032
-4718.48718978348642849596 90.67851860121933782466
-4596.68720409999059484107 88.66075921127227843499
-2637123.64559819549322128296 34401.79998949343280401081
-2630825.99596805451437830925 34319.67465902815456502140
-2630822.65938643831759691238 34319.65639232692774385214
-4522.24895726538215967594 87.05943319218908982293
-2630820.99109562998637557030 34319.64725916672614403069
-2586785.82411807728931307793 33745.03482498270022915676
-4327.54614497233342262916 84.25798876866095099558
-4232.95553785759511811193 82.67531582507041321151
-2379140.22514907922595739365 31035.86718895933154271916
-2322506.42232962790876626968 30296.98586528226951486431
-2228125.09241791628301143646 29065.56272399544468498789
-3798.50606145303618177422 75.42872395311981392751
-3702.05523600207516210503 73.68394596353948600154
-2026755.45529855391941964626 26438.40184247783327009529
-3583.01604935036584720365 71.48724809284463788117
-3534.88660038895113757462 70.66733801482180865605
-1919777.15783575177192687988 25042.71895830231005675159
-1850559.73379167495295405388 24139.65104984863501158543
-3143.94555557779767696047 64.28911859484693991362
-3021.37785978177407741896 61.86491853613178193427
-1605131.57362344651482999325 20937.75017425306214136072
-2894.18914661774078922463 59.46533046300446301302
-2842.72311604014385011396 58.52311743386054132543
-2764.04770689378938186564 57.15398652792762845820
-1435216.81883862800896167755 18721.03352018997975392267
-1353410.76869750139303505421 17653.75170449130746419542
-2380.29655095430007349933 50.48306914776610199169
-1145735.14049395755864679813 14944.42054256296796665993
-1095380.63610575837083160877 14287.56408992204160313122
-2083.50320125652388014714 44.59335714462387301182
-2073.49345640797673695488 44.21342882610379376729
-1057601.41148814419284462929 13794.84831957125607004855
-2054.04974929527907079319 43.77975277552475574794
-2028.50866153461265639635 43.41890717879761041331
-925457.53986689925659447908 12070.80224738170181808528
-1596.24420157744430071034 35.75628217487255255946
-1461.99847012478267060942 32.89437768272016171522
-1376.26604268979963308084 31.06169903045363867022
-1260.37151012614071987628 28.90694371537793472271
-1181.31224592352214131097 27.33284483892891358892
-478577.99632971204118803144 6241.29520855767987086438
-390464.28681359579786658287 5091.83457709680442349054
-321228.51157062995480373502 4188.66770188271493680077
-245698.42327913921326398849 3203.39499044090462120948
-504.42912001360605245281 14.40291973730599828230
-404.06593036206669466992 12.25054010822126748792
-50571.38219325106911128387 658.10175995291592698777
-212.06486015570752101667 8.59034328674192160236
-197.05024288288720413220 7.99064468503455405113
-193.52173373857294791378 7.72954174872509103267
-191.66151540234983485789 7.53528599226902606745
-188.32493378616752011112 7.40202000662306858203
-183.51198889002606051690 7.32973786517034575638
-186.65664297807637694859 7.33538704071831126896
-178.69904399388460092268 7.25768134856999758142
-181.84369808193491735437 7.26310388457788658201
-178.69904399388460092268 7.25768134856999758142
-181.84369808193491735437 7.26310388457788658201
-180.17540727384377419185 7.19646990398543007217
-181.84369808193491735437 7.26310388457788658201
-180.17540727384377419185 7.19646990398543007217
-180.17540727384377419185 7.19646990398543007217
-181.84369808193491735437 7.26310388457788658201
6107.46447801869362592697 81.41872253712882923082
-183.32006136189409062354 7.20212116523567669191
-180.17540727384377419185 7.19646990398543007217
-180.17540727384377419185 7.19646990398543007217
-180.17540727384377419185 7.19646990398543007217
-180.17540727384377419185 7.19646990398543007217
-177.03075318579345776016 7.19104842361722607080
-177.03075318579345776016 7.19104842361722607080
-180.17540727384377419185 7.19646990398543007217
-6469.48358337447280064225 83.35624896630828573052
-180.17540727384377419185 7.19646990398543007217
-180.17540727384377419185 7.19646990398543007217
-180.17540727384377419185 7.19646990398543007217
-180.17540727384377419185 7.19646990398543007217
-177.03075318579345776016 7.19104842361722607080
-6469.48358337447280064225 83.35624896630828573052
-177.03075318579345776016 7.19104842361722607080
-180.17540727384377419185 7.19646990398543007217
-6469.48358337447280064225 83.35624896630828573052
-181.84369808193491735437 7.26310388457788658201
-180.17540727384377419185 7.19646990398543007217
-181.84369808193491735437 7.26310388457788658201
-177.03075318579345776016 7.19104842361722607080
-181.84369808193491735437 7.26310388457788658201
-180.17540727384377419185 7.19646990398543007217
-183.32006136189409062354 7.20212116523567669191
-180.17540727384377419185 7.19646990398543007217
-180.17540727384377419185 7.19646990398543007217
-5.81688278905597666579 5.16443124903014272320
213774.75122752200695686042 2790.38366677557451112079
234.69749143498171406463 3.31251155673471675556
329.67195360598373099492 4.22472927616757765179
421.69368921706740138688 5.57526033651973484950
408900.12402260210365056992 5335.70453153522612410598
459252.96011999319307506084 5992.55115396988276188495
490726.19365342578385025263 6403.09508438663760898635
534784.71670229197479784489 6977.83494585984408331569
827.90033577426981992176 12.91173031775990232006
654364.98658860858995467424 8537.80455424879801284987
711008.79915290838107466698 9276.74047115128087170888
761361.63525029947049915791 9933.58756592205463675782
792843.21023777255322784185 10344.17721584964965586551
805438.50949805474374443293 10508.42763654361442604568
830612.42511053814087063074 10836.83759105292665481102
1326.12871794255602253543 22.53375138868358362743
1438.87859641816476141685 24.67754802216580145569
1063456.96405414119362831116 13874.55242953950255468953
1845.41004108653442017385 31.96860952294037971910
1340361.69433741830289363861 17487.01659545615621027537
2233.64934381099828897277 39.39738091206528025623
1472555.61468290607444941998 19211.33737649511385825463
2402.16147212104624486528 43.08843234280995204699
2479.55244551557370868977 44.60385402603764504192
2614.31490260753434995422 46.92089861039610099169
2877.55050861535573858419 51.50881368699854334636
3054.92081660515805197065 54.98941878435867636199
3185.44611138537356964662 57.51144538967819386244
3287.09373678874044344411 59.53764219372409627340
2101920.18790307268500328064 27421.67808963882271200418
3475.75822537891690444667 63.24667994497097822659
2196329.87875852175056934357 28653.25655088259009062313
3686.24336505731389479479 67.01929554714875791888
2366239.62867091642692685127 30869.94650784341865801252
3977.07220469015692287940 72.23486414983180736726
4144.04891277514889225131 75.16654315448538170585
4264.75639023494932189351 77.42757807773720912792
4351.96518094989187375177 79.20662145871972370514
2756418.63775632856413722038 35960.21018853726855013520
4571.88428289243984181667 83.04782963290784891797
4684.25030631178469775477 85.00989625330657872837
2970375.23268193239346146584 38751.57661985087179346010
4902.69304497437315149000 88.88829813985002203935
4986.37332654500096396077 90.45076569781485886779
3140291.65575755899772047997 40968.30302869620936689898
5095.97855093255930114537 92.58329722873322964460
5128.19280192559017450549 93.19916664904090453092
5174.65396007891376939369 93.96639595652752063870
5230.74100802451994240982 94.89910788995474888452
3310191.39592510508373379707 43184.93832122374442405999
5427.49596618192481400911 98.00148573846742294791
5547.62766105732862342848 99.97379398902910452307
5679.05353653310703521129 102.17149957230738266389
5826.39460997726928326301 104.58156440004120213416
3763230.12095536151900887489 49095.81703660334460437298
6106.82984970530105783837 109.25023973404586286051
6204.75703843622159183724 110.96495372390288025599
4008631.58847066061571240425 52297.57303145367768593132
6457.59904453923263645265 115.00762018063227287712
4140777.12838271353393793106 54021.62981975590810179710
6646.78025876870833599241 118.20063743887568818991
4285491.27490211930125951767 55909.79144293104764074087
6853.16110671839487622492 121.47704021112677708061
4379880.94626787118613719940 57141.26058138866937952116
6927.21549849674011056777 122.87247379423324389336
4411345.83834726363420486450 57551.75939883599494351074
6951.47215050557952054078 123.38093324757835489436
4417641.81968659628182649612 57633.87555064354091882706
6969.05563928205447155051 123.65300682275363897134
4417646.82455902080982923508 57633.90286505108815617859
4423936.13273512199521064758 57715.98259791373129701242
4423937.80102592986077070236 57715.99170270285685546696
4423937.80102592986077070236 57715.99170270285685546696
4423937.80102592986077070236 57715.99170270285685546696
4430228.77749283798038959503 57798.08054045935568865389
4423937.80102592986077070236 57715.99170270285685546696
6980.34981988242816441925 123.87769157298464506312
4430228.77749283798038959503 57798.08054045935568865389
4430228.77749283798038959503 57798.08054045935568865389
4430228.77749283798038959503 57798.08054045935568865389
4430228.77749283798038959503 57798.08054045935568865389
6980.34981988242816441925 123.87769157298464506312
4436518.08566893916577100754 57880.16027370821393560618
6980.34981988242816441925 123.87769157298464506312
6988.30741886662053730106 123.98418247468705999381
4436521.42225055489689111710 57880.17848300730111077428
