#H_Fe[T] err_H_Fe[T]
1.48 0.07
3.14 0.04
0E-20 0
0E-20 0
0E-20 0
6.29 0.08
0E-20 0
0E-20 0
-1.67 0.07
0E-20 0
-3.14 0.04
3.14 0.04
0E-20 0
0E-20 0
3.14 0.04
0E-20 0
0E-20 0
-1.67 0.07
0E-20 0
-25.0 0.4
-108.1 2.1
-191 4
-259 6
-307 9
-317 10
-325 11
-358 12
-387 14
-408 16
-421 18
-428 19
-437 20
-460 22
-473 24
-480 30
-480 30
-500 30
-540 30
-560 30
-560 30
-570 40
-580 40
-610 40
-610 40
-610 40
-630 40
-660 40
-680 50
-700 50
-710 50
-720 50
-730 50
-750 50
-760 50
-780 50
-800 60
-820 60
-830 60
-860 60
-880 60
-880 60
-900 60
-910 70
-920 70
-930 70
-950 70
-960 70
-1000 70
-1020 70
-1030 70
-1050 70
-1060 70
-1080 80
-1070 80
-1100 80
-1120 80
-1110 80
-1150 80
-1170 80
-1170 80
-1190 80
-1210 80
-1240 80
-1270 80
-1280 90
-1290 90
-1330 90
-1350 90
-1380 90
-1400 90
-1430 90
-1470 90
-1520 100
-1570 100
-1580 100
-1600 100
-1640 100
-1650 100
-1670 100
-1690 100
-1710 100
-1740 100
-1760 110
-1790 110
-1810 110
-1830 110
-1840 110
-1850 110
-1860 110
-1840 110
-1840 110
-1840 110
-1850 110
-1850 110
-1850 110
-1860 110
-1920 110
-2000 110
-2060 110
-2090 120
-2110 120
-2170 120
-2220 120
-2240 120
-2250 120
-2250 120
-2260 120
-2260 120
-2260 120
-2260 120
-2260 120
-2260 120
-2260 120
-2250 120
-2260 120
-2250 120
-2260 120
-2250 120
-2260 120
-2260 120
-2260 120
-2260 120
-2260 120
-2260 120
-2260 120
-2260 120
-2260 120
-2260 120
-2260 120
-2260 120
-2260 120
-2260 120
-2260 120
-2260 120
-2260 120
-2260 120
-2260 120
-2260 120
-2260 120
-2260 120
-2260 120
-2260 120
-2250 120
-2260 120
-2250 120
-2250 120
-2260 120
-2260 120
-2260 120
-2260 120
-2260 120
-2260 120
-2290 120
-2310 120
-2330 120
-2370 120
-2400 130
-2440 130
-2460 130
-2500 130
-2520 130
-2540 130
-2540 130
-2550 130
-2550 130
-2560 130
-2580 130
-2580 130
-2580 130
-2610 130
-2630 130
-2640 130
-2650 130
-2660 130
-2670 130
-2680 130
-2690 130
-2700 130
-2710 130
-2720 130
-2730 130
-2740 130
-2740 130
-2750 130
-2760 130
-2770 130
-2780 140
-2780 140
-2780 140
-2780 140
-2790 140
-2790 140
-2790 140
-2810 140
-2810 140
-2820 140
-2830 140
-2840 140
-2860 140
-2860 140
-2870 140
-2890 140
-2900 140
-2900 140
-2910 140
-2930 140
-2950 140
-2970 140
-2970 140
-2980 140
-2980 140
-2980 140
-2970 140
-2970 140
-2970 140
-2980 140
-2970 140
-2990 140
-3020 140
-3040 140
-3070 140
-3080 140
-3100 140
-3110 140
-3120 140
-3120 140
-3130 140
-3130 140
-3130 140
-3140 140
-3130 140
-3140 140
-3140 140
-3130 140
-3140 140
-3130 140
-3100 140
-3060 140
-3060 140
-3030 140
-2970 140
-2950 140
-2940 140
-2930 140
-2900 140
-2900 140
-2900 140
-2890 140
-2890 140
-2900 140
-2890 140
-2890 140
-2890 140
-2900 140
-2890 140
-2890 140
-2900 140
-2900 140
-2890 140
-2900 140
-2890 140
-2900 140
-2890 140
-2900 140
-2890 140
-2890 140
-2900 140
-2890 140
-2890 140
-2890 140
-2890 140
-2900 140
-2900 140
-2890 140
-2900 140
-2900 140
-2890 140
-2900 140
-2890 140
-2890 140
-2890 140
-2890 140
-2890 140
-2900 140
-2890 140
-2900 140
-2890 140
-2890 140
-2900 140
-2890 140
-2900 140
-2900 140
-2890 140
-2900 140
-2890 140
-2900 140
-2900 140
-2900 140
-2900 140
-2890 140
-2890 140
-2890 140
-2760 140
-2580 140
-2430 130
-2310 130
-2190 130
-2070 130
-1980 130
-1850 120
-1740 120
-1640 120
-1520 110
-1440 110
-1360 110
-1320 110
-1310 110
-1220 100
-1080 100
-1020 100
-1020 100
-1030 100
-1040 100
-1040 100
-1040 100
-990 100
-890 90
-870 90
-810 90
-750 90
-720 90
-660 80
-600 80
-540 80
-510 80
-460 70
-400 70
-340 70
-290 70
-250 60
-230 60
-190 60
-150 60
-120 50
-80 50
-10 50
60 40
90 40
120 30
150 30
170 30
203 23
231 19
257 16
273 13
265 11
248 10
235 9
230 9
227 9
222 9
224 9
222 9
222 9
222 9
222 9
220 9
220 9
220 9
227 9
217 9
220 9
219 9
220 9
220 9
227 9
220 9
220 9
223 9
223 9
220 9
220 9
223 9
217 9
217 9
220 9
217 9
220 9
214 9
223 9
217 9
220 9
217 9
220 9
220 9
220 9
263 8
287 7
302 6
317 5
349 4
373 5
409 7
429 10
450 12
458 14
476 16
486 18
518 20
551 23
590 30
630 30
600 30
590 30
600 30
640 30
710 40
810 40
900 50
990 50
1030 60
1040 60
1090 70
1170 70
1250 70
1310 80
1350 80
1420 80
1450 90
1520 90
1620 90
1710 100
1810 100
1890 100
1960 110
2070 110
2220 120
2410 120
2540 120
2670 130
2780 130
2870 130
2900 140
2920 140
2930 140
2930 140
2940 140
2940 140
2940 140
2950 140
2940 140
2940 140
2940 140
2940 140
2940 140
2940 140
2940 140
2940 140
2940 140
2940 140
2940 140
2950 140
2940 140
2940 140
2940 140
2940 140
2940 140
2940 140
2940 140
2940 140
2940 140
2940 140
2940 140
2940 140
2940 140
2940 140
2940 140
2940 140
2940 140
2950 140
2940 140
2940 140
2940 140
2940 140
2940 140
2940 140
2940 140
2940 140
2940 140
2940 140
2940 140
2940 140
2940 140
2940 140
2940 140
2950 140
2940 140
2940 140
2940 140
2940 140
2940 140
2940 140
2940 140
2940 140
2940 140
2940 140
2950 140
2940 140
2940 140
2940 140
2940 140
2940 140
2940 140
2950 140
2950 140
2970 140
3010 140
3040 140
3070 140
3090 140
3110 140
3120 140
3120 140
3120 140
3130 140
3130 140
3120 140
3130 140
3130 140
3130 140
3130 140
3130 140
3130 140
3130 140
3120 140
3130 140
3120 140
3130 140
3130 140
3120 140
3130 140
3130 140
3120 140
3130 140
3130 140
3130 140
3130 140
3130 140
3130 140
3130 140
3130 140
3010 140
2840 140
2680 140
2540 130
2420 130
2310 130
2240 130
2160 130
2060 120
2020 120
1950 120
1870 120
1810 120
1730 120
1670 120
1600 110
1570 110
1520 110
1470 110
1390 110
1330 110
1250 100
1200 100
1130 100
1080 100
1020 100
950 90
900 90
830 90
740 80
670 80
590 80
510 70
420 70
330 70
260 60
200 60
120 50
80 50
30 40
-0 40
-30 40
-60 30
-100 30
-130 30
-184 22
-214 17
-236 13
-250 10
-215 9
-200 8
-194 8
-192 8
-185 8
-187 7
-191 7
-185 7
-184 7
-184 7
-184 7
-180 7
-184 7
-187 7
-184 7
-184 7
-187 7
-187 7
-179 7
-182 7
-185 7
-182 7
-179 7
-182 7
-185 7
-182 7
-185 7
-188 7
-185 7
-184 7
-179 7
-182 7
-179 7
-182 7
-184 7
-179 7
-185 7
-185 7
-182 7
-179 7
-179 7
-233 7
-296 5
-320 4
-342 5
-351 7
-352 8
-368 10
-396 12
-390 13
-408 15
-456 18
-486 20
-496 23
-506 24
-530 30
-550 30
-550 30
-560 30
-570 30
-580 30
-590 40
-590 40
-610 40
-630 40
-640 40
-650 40
-670 40
-690 40
-710 50
-750 50
-770 50
-800 50
-830 60
-860 60
-890 60
-920 60
-990 60
-1060 70
-1060 70
-1080 70
-1110 70
-1180 80
-1220 80
-1280 80
-1380 90
-1460 90
-1570 90
-1700 100
-1840 100
-2000 110
-2180 120
-2410 120
-2590 130
-2800 130
-2980 140
-3030 140
-3060 140
-3070 140
-3090 140
-3080 140
-3090 140
-3090 140
-3090 140
-3080 140
-3080 140
-3090 140
-3090 140
-3090 140
-3090 140
-3090 140
-3080 140
-3090 140
-3090 140
-3090 140
-3090 140
-3090 140
-3090 140
-3100 140
-3090 140
-3100 140
-3090 140
-3090 140
-3090 140
-3100 140
-3090 140
-3090 140
-3090 140
-3100 140
-3090 140
-3100 140
-3090 140
-3090 140
-3100 140
-3090 140
-3100 140
-3090 140
-3100 140
-3090 140
-3090 140
-3100 140
-3100 140
-3100 140
-3100 140
-3090 140
-3100 140
-3090 140
-3100 140
-3100 140
-3090 140
-3100 140
-3090 140
-3100 140
-3100 140
-3090 140
-3090 140
-3100 140
-3090 140
-3090 140
-3100 140
-3090 140
-3090 140
-3090 140
-3090 140
-3090 140
-3100 140
-3100 140
-3100 140
-3090 140
-3090 140
-3090 140
-3100 140
-3090 140
-3090 140
-3090 140
-3090 140
-3090 140
-3090 140
-3100 140
-3100 140
-3090 140
-3090 140
-3090 140
-3090 140
-2980 140
-2980 140
-2920 140
-2740 140
-2520 140
-2320 130
-2230 130
-2200 130
-2160 130
-2140 130
-2110 130
-2060 130
-1950 120
-1910 120
-1860 120
-1790 120
-1730 120
-1720 120
-1710 120
-1680 120
-1590 120
-1500 110
-1460 110
-1370 110
-1280 110
-1240 110
-1220 100
-1200 100
-1180 100
-1130 100
-1060 100
-1030 100
-1000 100
-970 100
-940 90
-890 90
-870 90
-810 90
-720 90
-630 80
-580 80
-540 80
-500 80
-450 70
-400 70
-350 70
-290 70
-230 60
-170 60
-100 50
-50 50
10 50
50 40
90 40
120 30
160 30
190 30
227 21
263 17
295 13
264 11
244 10
230 9
229 9
228 9
227 9
222 9
222 9
220 9
220 9
227 9
219 9
219 9
219 9
215 9
215 9
219 9
215 9
219 9
215 9
222 9
219 9
219 9
219 9
219 9
219 9
219 9
219 9
219 9
219 9
214 9
215 9
219 9
219 9
222 9
219 9
222 9
219 9
219 9
263 8
300 7
337 5
348 4
377 5
404 7
432 10
465 13
476 15
487 17
505 19
486 20
489 21
552 23
600 30
620 30
650 30
670 30
710 40
760 40
800 40
840 50
870 50
900 50
900 60
910 60
960 60
980 60
1060 70
1120 70
1210 70
1290 80
1370 80
1460 90
1570 90
1680 100
1860 100
1980 110
1980 110
1950 110
1930 110
1930 110
1930 110
1950 110
2010 110
2130 110
2250 120
2340 120
2430 120
2610 130
2760 130
2950 140
3050 140
3090 140
3100 140
3110 140
3110 140
3110 140
3120 140
3120 140
3120 140
3120 140
3120 140
3120 140
3120 140
3120 140
3120 140
3120 140
3120 140
3120 140
3120 140
3120 140
3120 140
3120 140
3120 140
3120 140
3120 140
3120 140
3120 140
3120 140
3120 140
3130 140
3120 140
2850 140
2580 130
2330 130
2170 130
2060 120
1940 120
1800 120
1640 120
1470 110
1310 110
1140 100
950 100
780 90
640 80
510 80
410 70
330 70
240 60
130 60
40 50
-30 40
-50 40
-160 30
-216 21
-229 17
-257 12
-240 10
-214 9
-200 8
-200 8
-195 8
-182 7
-187 7
-182 7
-180 7
-177 7
-180 7
-180 7
-180 7
-180 7
-180 7
-179 7
-180 7
-182 7
-175 7
-172 7
-180 7
-311 5
-364 5
-431 9
-490 15
-531 19
-540 23
-580 30
-630 30
-720 40
-750 40
-770 40
-830 50
-940 50
-1010 60
-1090 70
-1230 70
-1350 80
-1470 80
-1590 90
-1720 100
-1850 100
-1840 110
-1800 110
-1790 110
-1780 110
-1780 110
-1810 110
-1890 110
-2020 110
-2080 120
-2210 120
-2370 120
-2500 130
-2610 130
-2720 130
-2890 140
-3020 140
-3050 140
-3060 140
-3080 140
-3080 140
-3080 140
-3090 140
-3080 140
-3090 140
-3090 140
-3090 140
-3090 140
-3090 140
-3090 140
-3090 140
-3090 140
-3090 140
-3090 140
-3100 140
-3090 140
-3080 140
-3090 140
-3090 140
-3090 140
-3090 140
-3090 140
-3090 140
-3090 140
-3090 140
-3090 140
-3090 140
-3100 140
-3090 140
-3090 140
-3090 140
-3100 140
-3100 140
-3090 140
-3090 140
-3090 140
-3090 140
-3090 140
-3090 140
-3090 140
-3100 140
-3100 140
-3080 140
-2930 140
-2830 140
-2740 140
-2610 140
-2470 130
-2300 130
-2140 130
-1970 130
-1810 120
-1700 120
-1550 120
-1440 110
-1350 110
-1290 110
-1200 100
-1090 100
-960 100
-840 90
-770 90
-670 90
-580 80
-470 80
-370 70
-280 70
-200 60
-110 60
-40 50
10 50
70 40
110 40
160 30
200 30
248 21
282 16
296 12
262 10
242 10
237 9
229 9
227 9
222 9
217 9
220 9
219 9
222 9
219 9
215 9
215 9
217 9
214 9
215 9
217 9
217 9
217 9
220 9
217 9
217 9
217 9
217 9
220 9
217 9
220 9
249 8
296 7
336 5
354 5
391 6
437 9
483 12
532 17
565 21
601 24
650 30
700 30
740 40
810 40
880 50
930 50
950 50
970 60
1050 60
1170 70
1240 70
1280 80
1320 80
1400 80
1490 90
1590 90
1670 100
1750 100
1850 100
1980 110
2100 110
2250 120
2410 120
2610 130
2720 130
2820 130
2940 140
3020 140
3070 140
3090 140
3100 140
3110 140
3110 140
3110 140
3110 140
3110 140
3110 140
3120 140
3110 140
3120 140
3120 140
3120 140
3120 140
3120 140
3120 140
3130 140
3110 140
3120 140
3120 140
3030 140
2820 140
2620 130
2370 130
2150 130
1950 120
1750 120
1570 110
1360 110
1280 110
1190 100
1090 100
990 100
910 90
860 90
810 90
740 80
680 80
580 80
490 70
390 70
300 60
200 60
130 50
50 50
-40 40
-100 30
-170 30
-219 20
-255 14
-259 11
-227 9
-202 8
-192 8
-190 8
-187 7
-187 7
-185 7
-182 7
-177 7
-180 7
-183 7
-179 7
-172 7
-175 7
-175 7
-179 7
-179 7
-179 7
-179 7
-179 7
-179 7
-177 7
-179 7
-182 7
-182 7
-175 7
-172 7
-179 7
-179 7
-179 7
-179 7
-223 7
-268 5
-307 4
-331 4
-382 7
-406 11
-448 14
-510 19
-565 24
-590 30
-620 30
-670 40
-720 40
-740 40
-780 50
-850 50
-940 60
-1030 60
-1110 70
-1190 70
-1270 80
-1370 80
-1500 90
-1680 90
-1890 100
-2120 110
-2320 120
-2510 120
-2720 130
-2930 140
-3010 140
-3040 140
-3070 140
-3070 140
-3080 140
-3080 140
-3090 140
-3090 140
-3090 140
-3090 140
-3090 140
-3090 140
-3090 140
-3080 140
-3090 140
-3090 140
-3090 140
-3090 140
-3090 140
-3090 140
-3090 140
-3090 140
-3090 140
-3090 140
-3090 140
-3090 140
-3090 140
-3090 140
-3090 140
-3090 140
-3090 140
-3070 140
-3070 140
-3070 140
-3070 140
-3070 140
-3070 140
-3070 140
-3070 140
-3080 140
-3080 140
-3070 140
-3080 140
-3070 140
-3070 140
-3070 140
-3070 140
-3080 140
-3080 140
-3080 140
-3080 140
-3070 140
-3070 140
-3070 140
-3070 140
-3070 140
-3080 140
-3070 140
-2940 140
-2720 140
-2530 140
-2300 130
-2070 130
-1870 120
-1690 120
-1540 120
-1400 110
-1260 110
-1160 100
-1030 100
-950 100
-860 90
-770 90
-670 90
-610 80
-520 80
-450 70
-340 70
-250 70
-150 60
-90 50
0 50
90 40
140 30
220 30
270 20
297 15
292 12
255 10
239 10
230 9
225 9
225 9
219 9
219 9
217 9
217 9
214 9
215 9
212 9
215 9
212 9
215 9
215 9
215 9
215 9
215 9
214 9
212 9
214 9
214 9
215 9
215 9
214 9
214 9
218 9
221 9
217 9
210 9
215 9
215 9
214 9
218 9
221 9
214 9
214 9
217 9
215 9
214 9
214 9
215 9
214 9
214 9
218 9
215 9
214 9
215 9
214 9
215 9
221 9
214 9
