#H_Fe[T] err_H_Fe[T] B[mT] err_B[mT]
-1.67 0.07 -0.5 0.015
-1.67 0.07 -0.5 0.015
-1.67 0.07 -0.5 0.015
-1.67 0.07 -0.5 0.015
-1.67 0.07 -0.5 0.015
-1.67 0.07 -0.5 0.015
1.48 0.07 -0.5 0.015
-1.67 0.07 -0.5 0.015
1.48 0.07 -0.5 0.015
0E-20 0 0 0
-4.81 0.08 -0.5 0.015
-4.81 0.08 -0.5 0.015
-1.67 0.07 -0.5 0.015
-1.67 0.07 -0.5 0.015
4.62 0.10 -0.5 0.015
1.48 0.07 -0.5 0.015
1.48 0.07 -0.5 0.015
-1.67 0.07 -0.5 0.015
-1.67 0.07 -0.5 0.015
-36.6 0.5 -2.5 0.075
-124.6 1.9 -10 0.3
-200 3 -18.5 0.555
-322 5 -31.5 0.945
-403 7 -41.5 1.245
-502 9 -53.5 1.605
-591 10 -64 1.92
-691 12 -76 2.28
-845 15 -94 2.82
-979 18 -112.5 3.375
-1103 20 -128 3.84
-1211 22 -141.5 4.245
-1319 24 -156 4.68
-1410 30 -168.5 5.055
-1490 30 -178.5 5.355
-1590 30 -191 5.73
-1680 30 -202 6.06
-1720 30 -208 6.24
-1790 30 -216.5 6.495
-1870 40 -226.5 6.795
-1970 40 -239 7.17
-2060 40 -252.5 7.575
-2070 40 -254.5 7.635
-2070 40 -255 7.65
-2070 40 -255 7.65
-2080 40 -255.5 7.665
-2290 40 -275.5 8.265
-2550 50 -307 9.21
-2740 50 -330 9.9
-2790 50 -338 10.14
-2900 50 -350 10.5
-3100 60 -371.5 11.145
-3300 60 -393.5 11.805
-3460 60 -411 12.33
-3590 70 -426 12.78
-3780 70 -445 13.35
-3910 70 -460.5 13.815
-4040 70 -474 14.22
-4130 80 -484.5 14.535
-4240 80 -495.5 14.865
-4360 80 -507.5 15.225
-4450 80 -518 15.54
-4560 80 -528.5 15.855
-4660 90 -539 16.17
-4690 90 -544 16.32
-4720 90 -547 16.41
-4770 90 -551.5 16.545
-4820 90 -556.5 16.695
-4860 90 -561.5 16.845
-4890 90 -564 16.92
-4950 90 -569.5 17.085
-5060 90 -579.5 17.385
-5100 90 -584.5 17.535
-5120 90 -587 17.61
-5170 90 -591.5 17.745
-5260 100 -599.5 17.985
-5350 100 -608 18.24
-5470 100 -619 18.57
-5530 100 -626 18.78
-5650 100 -636 19.08
-5830 100 -650.5 19.515
-6030 110 -668 20.04
-6200 110 -686 20.58
-6290 110 -696 20.88
-6360 110 -704 21.12
-6410 110 -709.5 21.285
-6510 120 -717 21.51
-6600 120 -725 21.75
-6640 120 -731 21.93
-6680 120 -734 22.02
-6690 120 -736.5 22.095
-6700 120 -737.5 22.125
-6710 120 -738.5 22.155
-6720 120 -739.5 22.185
-6720 120 -740 22.2
-6720 120 -740 22.2
-6720 120 -740 22.2
-6720 120 -740 22.2
-6730 120 -740.5 22.215
-6730 120 -740.5 22.215
-6730 120 -740.5 22.215
-6730 120 -741 22.23
-6730 120 -740.5 22.215
-6730 120 -741 22.23
-6730 120 -741 22.23
-6730 120 -741 22.23
-6730 120 -741 22.23
-6730 120 -741 22.23
-6730 120 -741 22.23
-6740 120 -741.5 22.245
-6730 120 -741.5 22.245
-6740 120 -741.5 22.245
-6740 120 -741.5 22.245
-6740 120 -741.5 22.245
-6740 120 -741.5 22.245
-6740 120 -741.5 22.245
-6740 120 -741.5 22.245
-6740 120 -741.5 22.245
-6730 120 -741.5 22.245
-6730 120 -741 22.23
-6730 120 -741 22.23
-6740 120 -741.5 22.245
-6730 120 -741.5 22.245
-6730 120 -741.5 22.245
-6730 120 -741.5 22.245
-6740 120 -741.5 22.245
-6740 120 -741.5 22.245
-6740 120 -741.5 22.245
-6730 120 -741.5 22.245
-6730 120 -741.5 22.245
-6730 120 -741.5 22.245
-6730 120 -741.5 22.245
-6740 120 -741.5 22.245
-6730 120 -741.5 22.245
-6740 120 -741.5 22.245
-6730 120 -741.5 22.245
-6740 120 -741.5 22.245
-6730 120 -741.5 22.245
-6740 120 -741.5 22.245
-6740 120 -741.5 22.245
-6730 120 -741.5 22.245
-6740 120 -741.5 22.245
-6730 120 -741.5 22.245
-6740 120 -741.5 22.245
-6730 120 -741 22.23
-6740 120 -741.5 22.245
-6730 120 -741.5 22.245
-6740 120 -741.5 22.245
-6730 120 -741.5 22.245
-6730 120 -741.5 22.245
-6730 120 -741 22.23
-6730 120 -741.5 22.245
-6730 120 -741 22.23
-6730 120 -741 22.23
-6730 120 -741 22.23
-6730 120 -741 22.23
-6730 120 -741.5 22.245
-6730 120 -741.5 22.245
-6730 120 -741.5 22.245
-6730 120 -741 22.23
-6730 120 -741 22.23
-6720 120 -741 22.23
-6730 120 -741.5 22.245
-6730 120 -741.5 22.245
-6730 120 -741 22.23
-6730 120 -741 22.23
-6730 120 -741 22.23
-6730 120 -741 22.23
-6730 120 -741 22.23
-6730 120 -741.5 22.245
-6730 120 -741.5 22.245
-6730 120 -741.5 22.245
-6730 120 -741 22.23
-6730 120 -741 22.23
-6730 120 -741.5 22.245
-6730 120 -741.5 22.245
-6730 120 -741.5 22.245
-6740 120 -741.5 22.245
-6680 120 -740 22.2
-6540 120 -733.5 22.005
-6330 110 -722.5 21.675
-6090 110 -708.5 21.255
-5790 110 -688 20.64
-5600 100 -672 20.16
-5390 100 -655 19.65
-5180 100 -637 19.11
-4980 100 -619.5 18.585
-4810 90 -603.5 18.105
-4670 90 -589.5 17.685
-4550 90 -578 17.34
-4400 90 -564 16.92
-4170 80 -544 16.32
-3950 80 -522 15.66
-3730 80 -499.5 14.985
-3550 70 -479.5 14.385
-3340 70 -458.5 13.755
-3090 60 -432 12.96
-2720 60 -393 11.79
-2370 50 -352 10.56
-2070 50 -314.5 9.435
-1870 40 -288.5 8.655
-1680 40 -264 7.92
-1540 40 -244.5 7.335
-1430 30 -231 6.93
-1290 30 -211.5 6.345
-1180 30 -197.5 5.925
-1090 30 -186 5.58
-973 24 -171 5.13
-818 21 -152 4.56
-678 18 -132.5 3.975
-514 15 -112.5 3.375
-361 12 -93 2.79
-250 10 -76 2.28
-235 9 -70.5 2.115
-229 9 -68.5 2.055
-225 9 -67.5 2.025
-222 9 -66.5 1.995
-227 9 -66 1.98
-223 9 -66 1.98
-219 9 -65.5 1.965
-219 9 -65.5 1.965
-219 9 -65.5 1.965
-220 9 -65 1.95
-217 9 -65 1.95
-217 9 -65 1.95
-217 9 -65 1.95
-217 9 -65 1.95
-223 9 -65 1.95
-220 9 -65 1.95
-220 9 -65 1.95
-214 9 -65 1.95
-214 9 -65 1.95
-220 9 -65 1.95
-223 9 -65 1.95
-217 9 -65 1.95
-214 9 -65 1.95
-217 9 -65 1.95
-217 9 -65 1.95
-217 9 -65 1.95
-214 9 -65 1.95
-214 9 -65 1.95
-214 9 -65 1.95
-217 9 -65 1.95
-217 9 -65 1.95
-220 9 -65 1.95
-217 9 -65 1.95
-217 9 -65 1.95
-217 9 -65 1.95
-220 9 -65 1.95
-220 9 -65 1.95
-220 9 -65 1.95
-217 9 -65 1.95
-223 9 -65 1.95
-217 9 -65 1.95
-78 7 -54.5 1.635
84 5 -35 1.05
273 4 -11.5 0.345
434 6 9.5 0.285
725 10 42 1.26
1038 16 82 2.46
1140 18 100.5 3.015
1189 19 109.5 3.285
1239 20 117 3.51
1318 22 125.5 3.765
1413 23 137 4.11
1510 30 149 4.47
1600 30 160 4.8
1680 30 170.5 5.115
1790 30 183.5 5.505
1900 30 198 5.94
2080 40 217 6.51
2270 40 240 7.2
2460 40 262.5 7.875
2680 50 288 8.64
2890 50 314 9.42
3110 60 339.5 10.185
3320 60 364.5 10.935
3550 60 391 11.73
3760 70 416.5 12.495
3960 70 440 13.2
4160 70 463 13.89
4400 80 488.5 14.655
4650 80 516 15.48
4890 90 541.5 16.245
5190 90 572 17.16
5440 100 599.5 17.985
5750 100 628.5 18.855
6070 110 661 19.83
6280 110 684.5 20.535
6420 110 700.5 21.015
6500 120 711.5 21.345
6560 120 718.5 21.555
6590 120 723 21.69
6620 120 726 21.78
6630 120 728 21.84
6640 120 729 21.87
6650 120 730 21.9
6650 120 730.5 21.915
6660 120 731 21.93
6660 120 731 21.93
6660 120 731.5 21.945
6660 120 731.5 21.945
6660 120 731.5 21.945
6660 120 732 21.96
6670 120 732 21.96
6670 120 732 21.96
6670 120 732 21.96
6670 120 732 21.96
6670 120 732 21.96
6660 120 732 21.96
6670 120 732 21.96
6660 120 732 21.96
6670 120 732 21.96
6670 120 732 21.96
6680 120 732.5 21.975
6680 120 733 21.99
6680 120 733 21.99
6680 120 733 21.99
6680 120 733.5 22.005
6690 120 733.5 22.005
6680 120 733.5 22.005
6680 120 733.5 22.005
6680 120 733.5 22.005
6680 120 733 21.99
6680 120 734 22.02
6680 120 733.5 22.005
6680 120 733.5 22.005
6680 120 733.5 22.005
6690 120 733.5 22.005
6680 120 733.5 22.005
6680 120 734 22.02
6680 120 733.5 22.005
6680 120 733.5 22.005
6680 120 733.5 22.005
6560 120 729 21.87
6450 120 723 21.69
6320 110 716 21.48
6150 110 706 21.18
5990 110 695.5 20.865
5820 110 684 20.52
5700 110 673.5 20.205
5530 100 661.5 19.845
5410 100 650 19.5
5300 100 640.5 19.215
5230 100 633.5 19.005
5100 100 623 18.69
4960 90 611.5 18.345
4890 90 603.5 18.105
4830 90 597 17.91
4730 90 588.5 17.655
4610 90 577.5 17.325
4440 90 563.5 16.905
4340 80 551.5 16.545
4240 80 542 16.26
4150 80 532.5 15.975
4060 80 523.5 15.705
3940 80 512 15.36
3760 70 495 14.85
3610 70 479 14.37
3480 70 465 13.95
3330 70 449.5 13.485
3180 60 433 12.99
2990 60 413 12.39
2790 60 391 11.73
2610 50 370 11.1
2440 50 350 10.5
2250 50 328.5 9.855
2060 40 305 9.15
1830 40 276.5 8.295
1700 40 259 7.77
1580 40 244 7.32
1400 30 221.5 6.645
1220 30 197.5 5.925
945 23 164.5 4.935
693 18 131.5 3.945
494 14 105.5 3.165
290 11 79.5 2.385
210 9 64 1.92
195 8 58.5 1.755
187 7 56 1.68
184 7 55 1.65
183 7 54 1.62
179 7 53.5 1.605
177 7 53 1.59
180 7 53 1.59
178 7 52.5 1.575
175 7 52.5 1.575
175 7 52.5 1.575
175 7 52.5 1.575
174 7 52 1.56
174 7 52 1.56
174 7 52 1.56
177 7 52 1.56
177 7 52 1.56
175 7 52.5 1.575
174 7 52 1.56
174 7 52 1.56
177 7 52 1.56
174 7 52 1.56
174 7 52 1.56
170 7 52 1.56
174 7 52 1.56
178 7 52.5 1.575
174 7 52 1.56
174 7 52 1.56
174 7 52 1.56
177 7 52 1.56
177 7 52 1.56
174 7 52 1.56
174 7 52 1.56
170 7 52 1.56
170 7 52 1.56
162 7 51.5 1.545
11 5 39 1.17
-165 4 18.5 0.555
-379 5 -9 0.27
-536 7 -29.5 0.885
-738 11 -54.5 1.635
-932 15 -78.5 2.355
-1184 19 -109 3.27
-1480 25 -144 4.32
-1660 30 -169 5.07
-1810 30 -190 5.7
-1970 30 -210 6.3
-2130 40 -229.5 6.885
-2340 40 -254 7.62
-2540 50 -278.5 8.355
-2700 50 -299 8.97
-2850 50 -318.5 9.555
-3010 50 -338 10.14
-3160 60 -356.5 10.695
-3290 60 -373.5 11.205
-3420 60 -389.5 11.685
-3550 60 -404.5 12.135
-3650 70 -418 12.54
-3770 70 -431.5 12.945
-3860 70 -443.5 13.305
-4040 70 -461 13.83
-4220 80 -481 14.43
-4360 80 -497 14.91
-4480 80 -511.5 15.345
-4650 80 -529 15.87
-4820 90 -547.5 16.425
-4960 90 -562.5 16.875
-5080 90 -576.5 17.295
-5240 90 -592 17.76
-5410 100 -608 18.24
-5550 100 -623.5 18.705
-5770 100 -643.5 19.305
-5980 110 -663 19.89
-6190 110 -683.5 20.505
-6360 110 -701 21.03
-6520 120 -716.5 21.495
-6600 120 -727 21.81
-6650 120 -733 21.99
-6690 120 -737 22.11
-6700 120 -739.5 22.185
-6730 120 -741.5 22.245
-6730 120 -742.5 22.275
-6730 120 -743 22.29
-6740 120 -743.5 22.305
-6740 120 -744 22.32
-6740 120 -744.5 22.335
-6750 120 -744.5 22.335
-6750 120 -744.5 22.335
-6750 120 -744.5 22.335
-6750 120 -744.5 22.335
-6750 120 -744.5 22.335
-6750 120 -744.5 22.335
-6750 120 -744.5 22.335
-6750 120 -744.5 22.335
-6750 120 -745 22.35
-6760 120 -745 22.35
-6760 120 -745 22.35
-6750 120 -745 22.35
-6750 120 -745 22.35
-6750 120 -745 22.35
-6750 120 -745 22.35
-6760 120 -745 22.35
-6750 120 -745.5 22.365
-6560 120 -738 22.14
-6340 120 -726 21.78
-6180 110 -715 21.45
-6050 110 -706 21.18
-5830 110 -692 20.76
-5540 100 -671.5 20.145
-5340 100 -653 19.59
-5190 100 -639 19.17
-4990 100 -622 18.66
-4820 90 -606 18.18
-4660 90 -590.5 17.715
-4490 90 -575.5 17.265
-4310 80 -557.5 16.725
-4170 80 -542 16.26
-4050 80 -529.5 15.885
-3960 80 -519.5 15.585
-3850 80 -509 15.27
-3730 70 -496.5 14.895
-3630 70 -486 14.58
-3520 70 -474 14.22
-3380 70 -460.5 13.815
-3220 70 -444 13.32
-3050 60 -426 12.78
-2900 60 -408.5 12.255
-2760 60 -392 11.76
-2600 60 -375 11.25
-2450 50 -357 10.71
-2270 50 -336 10.08
-2090 50 -314.5 9.435
-1880 40 -289.5 8.685
-1690 40 -265.5 7.965
-1500 30 -241 7.23
-1320 30 -217 6.51
-1090 30 -189.5 5.685
-824 22 -155.5 4.665
-545 16 -120 3.6
-317 12 -89.5 2.685
-249 10 -74.5 2.235
-235 9 -69.5 2.085
-227 9 -67 2.01
-219 9 -65.5 1.965
-215 9 -64.5 1.935
-210 9 -64 1.92
-214 9 -64 1.92
-212 8 -63.5 1.905
-210 8 -63 1.89
-207 8 -63 1.89
-210 8 -63 1.89
-210 8 -63 1.89
-209 8 -62.5 1.875
-210 8 -63 1.89
-210 8 -63 1.89
-207 8 -63 1.89
-209 8 -62.5 1.875
-205 8 -62.5 1.875
-209 8 -62.5 1.875
-209 8 -62.5 1.875
-213 8 -63 1.89
-210 8 -63 1.89
-212 8 -62.5 1.875
-210 8 -63 1.89
-210 8 -63 1.89
-207 8 -63 1.89
-209 8 -62.5 1.875
-212 8 -62.5 1.875
-213 8 -63 1.89
-209 8 -62.5 1.875
-209 8 -62.5 1.875
-86 7 -55 1.65
186 4 -24.5 0.735
589 8 23 0.69
891 13 62.5 1.875
1078 17 89.5 2.685
1189 19 106.5 3.195
1318 21 122.5 3.675
1467 24 141 4.23
1590 30 157.5 4.725
1750 30 177 5.31
1930 30 198.5 5.955
2140 40 223 6.69
2380 40 251.5 7.545
2580 50 277.5 8.325
2780 50 300.5 9.015
3030 50 330 9.9
3290 60 359.5 10.785
3470 60 384 11.52
3610 60 402 12.06
3770 70 421 12.63
3910 70 439 13.17
4110 70 460 13.8
4310 80 482 14.46
4550 80 506.5 15.195
4770 90 531.5 15.945
5010 90 556 16.68
5220 90 579 17.37
5420 100 601 18.03
5620 100 621.5 18.645
5850 100 643 19.29
6070 110 665 19.95
6250 110 683 20.49
6420 110 700.5 21.015
6500 120 711.5 21.345
6560 120 718 21.54
6590 120 722 21.66
6610 120 725 21.75
6630 120 726.5 21.795
6630 120 728 21.84
6640 120 728.5 21.855
6650 120 729 21.87
6650 120 729.5 21.885
6640 120 729.5 21.885
6650 120 729.5 21.885
6650 120 730 21.9
6660 120 730 21.9
6660 120 730 21.9
6650 120 730 21.9
6650 120 730.5 21.915
6670 120 731 21.93
6660 120 731 21.93
6660 120 731 21.93
6660 120 731 21.93
6670 120 731 21.93
6660 120 731 21.93
6670 120 731.5 21.945
6670 120 731.5 21.945
6670 120 731.5 21.945
6670 120 731.5 21.945
6660 120 731.5 21.945
6670 120 731.5 21.945
6670 120 731.5 21.945
6660 120 731.5 21.945
6660 120 731 21.93
6660 120 731 21.93
6570 120 728 21.84
6370 110 719 21.57
6110 110 704 21.12
5820 110 684 20.52
5730 110 674.5 20.235
5650 100 667.5 20.025
5520 100 658.5 19.755
5390 100 648 19.44
5270 100 637.5 19.125
5080 100 622 18.66
4880 90 605 18.15
4700 90 588 17.64
4550 90 573.5 17.205
4350 80 555.5 16.665
4180 80 537.5 16.125
4060 80 524.5 15.735
3900 80 509.5 15.285
3660 70 486 14.58
3420 70 461 13.83
3290 70 445.5 13.365
3160 60 430.5 12.915
2950 60 409 12.27
2810 60 391.5 11.745
2740 60 382 11.46
2560 50 364 10.92
2340 50 339 10.17
2150 50 315 9.45
1980 40 294.5 8.835
1840 40 276 8.28
1690 40 257 7.71
1490 30 233 6.99
1370 30 216.5 6.495
1240 30 199 5.97
1060 30 177.5 5.325
863 21 152 4.56
768 19 137 4.11
701 18 128 3.84
606 16 116.5 3.495
531 15 105.5 3.165
487 14 98 2.94
396 12 87.5 2.625
320 10 77 2.31
260 9 69.5 2.085
202 8 60.5 1.815
200 8 58 1.74
189 8 56.5 1.695
187 7 56 1.68
187 7 55 1.65
184 7 55 1.65
185 7 54.5 1.635
182 7 54.5 1.635
183 7 54 1.62
180 7 54 1.62
185 7 54.5 1.635
180 7 54 1.62
180 7 54 1.62
183 7 54 1.62
180 7 54 1.62
180 7 54 1.62
180 7 54 1.62
183 7 54 1.62
180 7 54 1.62
183 7 54 1.62
177 7 54 1.62
177 7 54 1.62
180 7 54 1.62
180 7 54 1.62
183 7 54 1.62
177 7 54 1.62
-2 5 37 1.11
-146 3 18.5 0.555
-310 4 -1.5 0.045
-751 11 -48 1.44
-1111 18 -97.5 2.925
-1154 19 -112 3.36
-1194 20 -119.5 3.585
-1249 21 -126.5 3.795
-1349 23 -136.5 4.095
-1520 30 -154.5 4.635
-1690 30 -175.5 5.265
-1920 30 -202 6.06
-2170 40 -232 6.96
-2450 40 -264.5 7.935
-2720 50 -296.5 8.895
-3030 50 -332.5 9.975
-3330 60 -367.5 11.025
-3590 60 -399.5 11.985
-3810 70 -427 12.81
-4050 70 -454 13.62
-4330 80 -485 14.55
-4610 80 -515 15.45
-4870 90 -545 16.35
-5180 90 -576 17.28
-5510 100 -609.5 18.285
-5800 100 -640.5 19.215
-6120 110 -671 20.13
-6370 110 -697.5 20.925
-6490 120 -713.5 21.405
-6580 120 -724.5 21.735
-6640 120 -731.5 21.945
-6670 120 -735.5 22.065
-6700 120 -739 22.17
-6710 120 -741 22.23
-6720 120 -742 22.26
-6730 120 -742.5 22.275
-6730 120 -743 22.29
-6740 120 -743.5 22.305
-6740 120 -744 22.32
-6740 120 -744 22.32
-6740 120 -744 22.32
-6740 120 -744.5 22.335
-6740 120 -744.5 22.335
-6750 120 -744.5 22.335
-6740 120 -744 22.32
-6750 120 -744.5 22.335
-6750 120 -744.5 22.335
-6740 120 -744.5 22.335
-6740 120 -744.5 22.335
-6740 120 -744.5 22.335
-6740 120 -744.5 22.335
-6740 120 -744.5 22.335
-6730 120 -744 22.32
-6630 120 -741.5 22.245
-6300 110 -724.5 21.735
-5950 110 -703 21.09
-5500 100 -671 20.13
-5050 100 -634 19.02
-4680 90 -599 17.97
-4390 90 -569.5 17.085
-4120 80 -542 16.26
-3820 80 -512.5 15.375
-3540 70 -483 14.49
-3200 70 -447.5 13.425
-2910 60 -414.5 12.435
-2590 60 -378 11.34
-2240 50 -337.5 10.125
-1890 40 -294 8.82
-1450 30 -241 7.23
-951 25 -178.5 5.355
-596 18 -130.5 3.915
-352 13 -96 2.88
-259 10 -77.5 2.325
-227 9 -70 2.1
-216 9 -66.5 1.995
-210 9 -64 1.92
-214 9 -64 1.92
-210 8 -63 1.89
-202 8 -62.5 1.875
-204 8 -62 1.86
-207 8 -62 1.86
-205 8 -61.5 1.845
-205 8 -61.5 1.845
-205 8 -61.5 1.845
-205 8 -61.5 1.845
-205 8 -61.5 1.845
-205 8 -61.5 1.845
-202 8 -61.5 1.845
-208 8 -61.5 1.845
-205 8 -61.5 1.845
-204 8 -61 1.83
-211 8 -61.5 1.845
-205 8 -61.5 1.845
-205 8 -61.5 1.845
-204 8 -61 1.83
-204 8 -61 1.83
-200 8 -61 1.83
-207 8 -61 1.83
-204 8 -61 1.83
-204 8 -61 1.83
-204 8 -61 1.83
-207 8 -61 1.83
-200 8 -61 1.83
-204 8 -61 1.83
-208 8 -61.5 1.845
-204 8 -61 1.83
47 6 -41.5 1.245
319 4 -8 0.24
668 9 33.5 1.005
1071 16 81.5 2.445
1481 24 131 3.93
1860 30 178 5.34
2240 40 224 6.72
2630 40 270.5 8.115
3010 50 316.5 9.495
3330 60 357 10.71
3640 60 393.5 11.805
3920 70 428 12.84
4280 80 466.5 13.995
4670 80 508.5 15.255
5100 90 552.5 16.575
5600 100 602.5 18.075
6010 110 647 19.41
6240 110 676.5 20.295
6380 110 695 20.85
6470 110 707 21.21
6530 120 715 21.45
6580 120 720.5 21.615
6600 120 723.5 21.705
6620 120 726 21.78
6630 120 727.5 21.825
6640 120 728.5 21.855
6650 120 729.5 21.885
6660 120 730.5 21.915
6650 120 730.5 21.915
6650 120 730 21.9
6650 120 730 21.9
6650 120 730 21.9
6650 120 730 21.9
6660 120 730 21.9
6650 120 730.5 21.915
6650 120 730.5 21.915
6610 120 728 21.84
6660 120 730.5 21.915
6670 120 731.5 21.945
6680 120 732 21.96
6680 120 732 21.96
6680 120 732.5 21.975
6680 120 732.5 21.975
6680 120 733 21.99
6680 120 732.5 21.975
6680 120 733 21.99
6690 120 733 21.99