#H_Fe	err_H_Fe	B[mT]	err_B[mT]
2255.159652	122.2417953	841.5	25.245
2253.491361	122.2980719	842	25.26
2253.491361	122.2980719	842	25.26
2258.304306	122.2589048	841.5	25.245
2258.304306	122.2589048	841.5	25.245
2259.780669	122.3322804	842	25.26
2256.636015	122.3151705	842	25.26
2261.44896	122.2760256	841.5	25.245
2259.780669	122.3322804	842	25.26
2290.843355	122.7630867	844	25.32
2313.756514	123.3456776	847.5	25.425
2333.52502	123.9111733	851	25.53
2373.445885	124.7837232	856	25.68
2400.596207	125.7165629	862	25.86
2440.517072	126.5901726	867	26.01
2458.617287	127.2123298	871	26.13
2500.014515	128.1602555	876.5	26.295
2522.735747	128.8736949	881	26.43
2537.883235	129.3493791	884	26.52
2543.788688	129.6429447	886	26.58
2548.217778	129.863119	887.5	26.625
2551.170505	130.0099018	888.5	26.655
2558.936176	130.1186758	889	26.67
2575.943882	130.4097438	890.5	26.715
2577.228318	130.612181	892	26.76
2584.993989	130.7210623	892.5	26.775
2611.24373	131.1947448	895	26.85
2628.059509	131.6152104	897.5	26.925
2637.109616	131.9266368	899.5	26.985
2646.159723	132.2380737	901.5	27.045
2658.546412	132.4385179	902.5	27.075
2666.120156	132.6766035	904	27.12
2675.362191	132.8592338	905	27.15
2689.225243	133.1332559	906.5	27.195
2696.798987	133.3714029	908	27.24
2709.185676	133.5721541	909	27.27
2718.235783	133.883734	911	27.33
2730.430544	134.2133523	913	27.39
2741.34087	134.3408916	913.5	27.405
2742.817233	134.4142841	914	27.42
2752.059268	134.5972168	915	27.45
2758.156648	134.7620902	916	27.48
2770.543337	134.963201	917	27.51
2776.640718	135.1281134	918	27.54
2781.069808	135.3482887	919.5	27.585
2782.546171	135.4216805	920	27.6
2784.022534	135.4950723	920.5	27.615
2785.498898	135.5684641	921	27.63
2785.498898	135.5684641	921	27.63
2793.264569	135.6781416	921.5	27.645
2807.127621	135.9528186	923	27.69
2813.225002	136.117788	924	27.72
2819.51431	136.1541919	924	27.72
2825.611691	136.3191899	925	27.75
2841.143034	136.5389351	926	27.78
2855.006086	136.81393	927.5	27.825
2862.57983	137.0523922	929	27.87
2871.629937	137.364252	931	27.93
2894.926951	137.6944405	932.5	27.975
2903.977058	138.0063614	934.5	28.035
2903.785131	138.1347665	935.5	28.065
2911.74273	138.1165181	935	28.05
2925.605782	138.3919036	936.5	28.095
2948.710869	138.8510631	939	28.17
2967.194938	139.2185548	941	28.23
2974.96061	139.3289718	941.5	28.245
2976.436973	139.4023548	942	28.26
2976.436973	139.4023548	942	28.26
2976.245045	139.5306005	943	28.29
2974.576755	139.5854734	943.5	28.305
2972.908464	139.6403564	944	28.32
2969.76381	139.6218654	944	28.32
2979.581627	139.4208856	942	28.26
2972.908464	139.6403564	944	28.32
2989.91617	139.9345653	945.5	28.365
3019.502493	140.3032787	947	28.41
3037.986562	140.6713051	949	28.47
3066.096521	140.9675233	950	28.5
3084.388663	141.4639739	953	28.59
3101.396369	141.7591527	954.5	28.635
3105.825459	141.9792713	956	28.68
3115.067494	142.1635966	957	28.71
3122.641238	142.4025153	958.5	28.755
3125.402037	142.6772014	960.5	28.815
3130.214982	142.6414408	960	28.8
3134.835999	142.7336313	960.5	28.815
3135.027927	142.6057193	959.5	28.785
3133.167708	142.7881833	961	28.83
3138.172581	142.6245581	959.5	28.785
3138.172581	142.6245581	959.5	28.785
3131.499418	142.8427456	961.5	28.845
3141.317235	142.6434063	959.5	28.785
3131.691345	142.714812	960.5	28.815
3100.628659	142.2710945	958.5	28.755
3061.416447	141.9734913	958	28.74
3060.132011	141.7719883	956.5	28.695
3034.974779	141.6231718	956.5	28.695
2967.844534	140.9052265	954	28.62
2951.028756	140.483175	951.5	28.545
2940.11843	140.3547572	951	28.53
2930.684468	140.2998136	951	28.53
2904.050872	140.0803304	950.5	28.515
2896.477128	139.8419399	949	28.47
2896.669056	139.7133777	948	28.44
2888.519529	139.8607326	949.5	28.485
2890.18782	139.8055313	949	28.47
2895.000765	139.7685493	948.5	28.455
2893.524401	139.6951586	948	28.44
2891.856111	139.7503399	948.5	28.455
2890.18782	139.8055313	949	28.47
2895.000765	139.7685493	948.5	28.455
2891.856111	139.7503399	948.5	28.455
2890.18782	139.8055313	949	28.47
2896.669056	139.7133777	948	28.44
2898.145419	139.7867682	948.5	28.455
2893.524401	139.6951586	948	28.44
2898.145419	139.7867682	948.5	28.455
2890.18782	139.8055313	949	28.47
2895.000765	139.7685493	948.5	28.455
2888.519529	139.8607326	949.5	28.485
2896.477128	139.8419399	949	28.47
2894.808837	139.8971216	949.5	28.485
2890.18782	139.8055313	949	28.47
2895.000765	139.7685493	948.5	28.455
2891.664183	139.8789223	949.5	28.485
2891.664183	139.8789223	949.5	28.485
2889.995892	139.9341237	950	28.5
2889.995892	139.9341237	950	28.5
2898.145419	139.7867682	948.5	28.455
2896.477128	139.8419399	949	28.47
2894.808837	139.8971216	949.5	28.485
2895.000765	139.7685493	948.5	28.455
2895.000765	139.7685493	948.5	28.455
2890.18782	139.8055313	949	28.47
2896.285201	139.9705124	950	28.5
2893.140546	139.9523133	950	28.5
2893.332474	139.8237308	949	28.47
2893.140546	139.9523133	950	28.5
2893.140546	139.9523133	950	28.5
2893.524401	139.6951586	948	28.44
2896.285201	139.9705124	950	28.5
2893.332474	139.8237308	949	28.47
2899.81371	139.7316065	948	28.44
2893.332474	139.8237308	949	28.47
2893.332474	139.8237308	949	28.47
2896.669056	139.7133777	948	28.44
2894.808837	139.8971216	949.5	28.485
2899.81371	139.7316065	948	28.44
2896.669056	139.7133777	948	28.44
2894.808837	139.8971216	949.5	28.485
2896.669056	139.7133777	948	28.44
2889.995892	139.9341237	950	28.5
2899.81371	139.7316065	948	28.44
2898.145419	139.7867682	948.5	28.455
2895.000765	139.7685493	948.5	28.455
2895.000765	139.7685493	948.5	28.455
2893.332474	139.8237308	949	28.47
2890.18782	139.8055313	949	28.47
2893.332474	139.8237308	949	28.47
2755.927332	138.3872306	944	28.32
2581.937906	135.9807582	933	27.99
2430.152986	133.5842347	921	27.63
2311.099042	131.5725845	910.5	27.315
2187.424082	129.480495	899.5	26.985
2074.851374	127.3895726	888	26.64
1976.525573	125.312476	876	26.28
1853.426395	122.8554299	862	25.86
1735.140162	120.3656895	847.5	25.425
1642.395017	117.7411654	831	24.93
1523.208203	114.7997751	813	24.39
1435.276002	112.1421217	796	23.88
1356.777764	109.5310782	779	23.37
1319.676754	107.8377984	767.5	23.025
1309.917994	106.9308369	761	22.83
1217.881502	104.9298954	749	22.47
1084.122982	101.1614659	725	21.75
1018.587216	98.3548709	706	21.18
1017.553764	96.8843087	695	20.85
1034.044745	96.4205613	691	20.73
1037.573254	96.1690252	689	20.67
1037.573254	96.1690252	689	20.67
1037.573254	96.1690252	689	20.67
994.3158068	95.4543939	685	20.55
890.4684082	92.8940726	669	20.07
866.1379426	91.1273902	656.5	19.695
808.8845728	89.1629633	643.5	19.305
748.8704039	86.9233701	628.5	18.855
715.105976	85.1216937	616	18.48
662.8574786	82.9830039	601.5	18.045
603.4190924	80.3515875	583.5	17.505
536.2150347	77.6283873	565	16.95
505.5952608	75.8436936	552.5	16.575
462.9726532	73.6154057	537	16.11
402.0579037	70.9239534	518.5	15.555
338.1904276	68.0934087	499	14.97
291.9064403	65.1235302	478	14.34
249.8596153	62.5054886	459.5	13.785
225.7210772	60.6168272	446	13.38
188.103342	58.2178531	429	12.87
146.2484445	55.4729856	409.5	12.285
119.3491074	53.3117554	394	11.82
78.7786456	50.7781752	376	11.28
8.6809183	46.8283297	348	10.44
-59.1136787	41.2868917	308	9.24
-92.7599927	37.2476379	278.5	8.355
-124.9299434	33.2868217	249.5	7.485
-153.0546594	29.8133116	224	6.72
-167.5082508	26.7057287	201	6.03
-203.2067106	23.046779	174	5.22
-231.1394991	19.4919406	147.5	4.425
-257.0201416	15.651259	118.5	3.555
-273.3339514	12.8548851	97	2.91
-265.2582385	10.5948029	79.5	2.385
-248.3834029	9.800816	73.5	2.205
-235.2290039	9.3953913	70.5	2.115
-230.2241315	9.1954893	69	2.07
-226.8875499	9.0622214	68	2.04
-222.074605	8.9901429	67.5	2.025
-223.5509683	8.9289534	67	2.01
-221.8826775	8.8623194	66.5	1.995
-221.8826775	8.8623194	66.5	1.995
-221.8826775	8.8623194	66.5	1.995
-221.8826775	8.8623194	66.5	1.995
-220.2143867	8.7956854	66	1.98
-220.2143867	8.7956854	66	1.98
-220.2143867	8.7956854	66	1.98
-226.5036948	8.8071339	66	1.98
-217.0697326	8.790243	66	1.98
-220.2143867	8.7956854	66	1.98
-218.5460959	8.7290515	65.5	1.965
-220.2143867	8.7956854	66	1.98
-220.2143867	8.7956854	66	1.98
-226.5036948	8.8071339	66	1.98
-220.2143867	8.7956854	66	1.98
-220.2143867	8.7956854	66	1.98
-223.3590408	8.8013158	66	1.98
-223.3590408	8.8013158	66	1.98
-220.2143867	8.7956854	66	1.98
-220.2143867	8.7956854	66	1.98
-223.3590408	8.8013158	66	1.98
-217.0697326	8.790243	66	1.98
-217.0697326	8.790243	66	1.98
-220.2143867	8.7956854	66	1.98
-217.0697326	8.790243	66	1.98
-220.2143867	8.7956854	66	1.98
-213.9250785	8.784989	66	1.98
-223.3590408	8.8013158	66	1.98
-217.0697326	8.790243	66	1.98
-220.2143867	8.7956854	66	1.98
-217.0697326	8.790243	66	1.98
-220.2143867	8.7956854	66	1.98
-220.2143867	8.7956854	66	1.98
-220.2143867	8.7956854	66	1.98
-263.4718338	8.3942439	62	1.86
-286.7097912	7.2779978	52	1.56
-301.7982221	6.0852329	40.5	1.215
-316.6947255	5.0346967	28	0.84
-349.3075882	4.4944488	9.5	0.285
-372.6784163	5.1771682	-8	0.24
-408.9526587	7.4660959	-32	0.96
-428.6030501	9.8064469	-52.5	1.575
-450.3055873	12.0680322	-70.5	2.115
-458.3369999	13.9958073	-86	2.58
-475.9943023	15.9133145	-100.5	3.015
-486.0778608	17.6098671	-113.5	3.405
-517.5982153	19.8430441	-129.5	3.885
-551.4955138	22.6087357	-149.5	4.485
-587.7697563	25.9126519	-173.5	5.205
-627.1886528	29.2457078	-197.5	5.925
-601.2046531	30.7183204	-210	6.3
-591.9035614	31.6447091	-217.5	6.525
-598.7095952	32.400346	-223	6.69
-640.6235496	34.0662856	-234	7.02
-710.0126238	37.5152851	-257.5	7.725
-806.8768177	42.7469187	-293.5	8.805
-899.8286474	48.4794741	-333.5	10.005
-990.9202587	54.3987753	-375	11.25
-1031.180679	59.3282079	-411	12.33
-1044.157907	62.3490762	-433.5	13.005
-1085.437022	65.5185663	-456	13.68
-1168.113366	69.6243412	-484	14.52
-1250.021999	74.2518425	-516	15.48
-1306.256675	78.02393	-542.5	16.275
-1352.156807	81.2829099	-565.5	16.965
-1416.924864	84.6393044	-588.5	17.655
-1449.537726	87.2384407	-607	18.21
-1521.170874	90.2362889	-627	18.81
-1620.338198	93.9040552	-651	19.53
-1710.07156	97.5241621	-675	20.25
-1805.710375	101.4389261	-701	21.03
-1886.39363	104.7510234	-723	21.69
-1964.124158	107.9171147	-744	22.32
-2070.156573	111.2380004	-765	22.95
-2220.730871	115.5260558	-791.5	23.745
-2406.413089	120.7352338	-823.5	24.705
-2544.408771	124.9658814	-850	25.5
-2665.780601	128.6501287	-873	26.19
-2775.533453	131.6216785	-891	26.73
-2869.946889	134.2470209	-907	27.21
-2902.810736	135.6049964	-916	27.48
-2922.387314	136.3025557	-920.5	27.615
-2929.769131	136.6694639	-923	27.69
-2932.721857	136.8162272	-924	27.72
-2941.963892	137.0001428	-925	27.75
-2935.674584	136.9629907	-925	27.75
-2940.295601	137.0549432	-925.5	27.765
-2945.108546	137.0187335	-925	27.75
-2943.440255	137.0735238	-925.5	27.765
-2940.295601	137.0549432	-925.5	27.765
-2943.440255	137.0735238	-925.5	27.765
-2940.295601	137.0549432	-925.5	27.765
-2943.440255	137.0735238	-925.5	27.765
-2943.440255	137.0735238	-925.5	27.765
-2940.295601	137.0549432	-925.5	27.765
-2944.916618	137.1469048	-926	27.78
-2941.771964	137.1283246	-926	27.78
-2944.916618	137.1469048	-926	27.78
-2944.916618	137.1469048	-926	27.78
-2948.061273	137.1654948	-926	27.78
-2943.440255	137.0735238	-925.5	27.765
-2941.771964	137.1283246	-926	27.78
-2938.62731	137.1097541	-926	27.78
-2944.916618	137.1469048	-926	27.78
-2941.771964	137.1283246	-926	27.78
-2944.916618	137.1469048	-926	27.78
-2937.150947	137.0363724	-925.5	27.765
-2941.771964	137.1283246	-926	27.78
-2941.771964	137.1283246	-926	27.78
-2941.771964	137.1283246	-926	27.78
-2941.771964	137.1283246	-926	27.78
-2938.62731	137.1097541	-926	27.78
-2935.482656	137.0911934	-926	27.78
-2938.62731	137.1097541	-926	27.78
-2941.771964	137.1283246	-926	27.78
-2944.916618	137.1469048	-926	27.78
-2943.440255	137.0735238	-925.5	27.765
-2946.584909	137.0921142	-925.5	27.765
-2938.62731	137.1097541	-926	27.78
-2944.916618	137.1469048	-926	27.78
-2944.916618	137.1469048	-926	27.78
-2941.771964	137.1283246	-926	27.78
-2941.771964	137.1283246	-926	27.78
-2944.916618	137.1469048	-926	27.78
-2941.771964	137.1283246	-926	27.78
-2941.771964	137.1283246	-926	27.78
-2941.771964	137.1283246	-926	27.78
-2944.916618	137.1469048	-926	27.78
-2944.916618	137.1469048	-926	27.78
-2941.771964	137.1283246	-926	27.78
-2941.771964	137.1283246	-926	27.78
-2941.771964	137.1283246	-926	27.78
-2944.916618	137.1469048	-926	27.78
-2948.061273	137.1654948	-926	27.78
-2941.771964	137.1283246	-926	27.78
-2941.771964	137.1283246	-926	27.78
-2941.771964	137.1283246	-926	27.78
-2944.916618	137.1469048	-926	27.78
-2941.771964	137.1283246	-926	27.78
-2944.916618	137.1469048	-926	27.78
-2944.916618	137.1469048	-926	27.78
-2944.916618	137.1469048	-926	27.78
-2944.916618	137.1469048	-926	27.78
-2941.771964	137.1283246	-926	27.78
-2948.061273	137.1654948	-926	27.78
-2944.916618	137.1469048	-926	27.78
-2944.916618	137.1469048	-926	27.78
-2944.916618	137.1469048	-926	27.78
-2944.916618	137.1469048	-926	27.78
-2941.771964	137.1283246	-926	27.78
-2944.916618	137.1469048	-926	27.78
-2948.061273	137.1654948	-926	27.78
-2949.537636	137.2388755	-926.5	27.795
-2968.213633	137.4787277	-927.5	27.825
-3007.04199	138.0325123	-930	27.9
-3040.865475	138.7508849	-934	28.02
-3070.067942	139.3774485	-937.5	28.125
-3093.173029	139.8386777	-940	28.2
-3109.988808	140.2622482	-942.5	28.275
-3120.707206	140.5202127	-944	28.32
-3123.659933	140.6669418	-945	28.35
-3120.515278	140.6480042	-945	28.35
-3125.136296	140.7403064	-945.5	28.365
-3125.136296	140.7403064	-945.5	28.365
-3123.468005	140.7947344	-946	28.38
-3128.28095	140.7592529	-945.5	28.365
-3128.28095	140.7592529	-945.5	28.365
-3125.136296	140.7403064	-945.5	28.365
-3125.136296	140.7403064	-945.5	28.365
-3125.136296	140.7403064	-945.5	28.365
-3128.28095	140.7592529	-945.5	28.365
-3126.612659	140.813671	-946	28.38
-3123.468005	140.7947344	-946	28.38
-3126.612659	140.813671	-946	28.38
-3120.323351	140.7758073	-946	28.38
-3125.136296	140.7403064	-945.5	28.365
-3125.136296	140.7403064	-945.5	28.365
-3123.468005	140.7947344	-946	28.38
-3126.612659	140.813671	-946	28.38
-3128.28095	140.7592529	-945.5	28.365
-3123.468005	140.7947344	-946	28.38
-3129.757313	140.832617	-946	28.38
-3126.612659	140.813671	-946	28.38
-3126.612659	140.813671	-946	28.38
-3131.425604	140.7782089	-945.5	28.365
-3126.612659	140.813671	-946	28.38
-3129.757313	140.832617	-946	28.38
-3128.28095	140.7592529	-945.5	28.365
-3125.136296	140.7403064	-945.5	28.365
-3012.696459	139.551979	-941.5	28.245
-2844.420558	137.5304119	-933.5	28.005
-2678.004876	135.3447749	-924	27.72
-2535.270063	133.2442604	-914	27.42
-2416.024192	131.3502675	-904.5	27.135
-2310.833301	129.6061909	-895.5	26.865
-2238.565314	128.1084936	-887	26.61
-2156.863365	126.564385	-878.5	26.355
-2064.25109	124.9026275	-869.5	26.085
-2015.280117	123.7314802	-862.5	25.875
-1949.109511	122.408855	-855	25.65
-1867.599489	120.7490937	-845.5	25.365
-1811.2467	119.2173224	-836	25.08
-1733.07326	117.4487869	-825.5	24.765
-1672.099453	115.8328031	-815.5	24.465
-1603.359975	114.1158574	-805	24.15
-1565.875111	112.6812593	-795.5	23.865
-1515.619702	111.3196824	-787	23.61
-1469.985311	110.047314	-779	23.37
-1393.864017	107.973449	-766	22.98
-1328.653048	106.0188637	-753.5	22.605
-1248.102664	103.7331282	-739	22.17
-1200.475184	101.662226	-725	21.75
-1129.550689	99.2915965	-709.5	21.285
-1084.684008	97.5014235	-697.5	20.925
-1021.525185	95.2353353	-682.5	20.475
-946.1716011	92.6547041	-665.5	19.965
-895.7833221	90.3134258	-649.5	19.485
-825.0507552	87.8249339	-633	18.99
-742.5072821	84.7599506	-612.5	18.375
-674.0187886	81.8214459	-592.5	17.775
-585.9537175	78.2118259	-568	17.04
-509.1828269	74.4495622	-542	16.26
-417.2644485	70.2383502	-513	15.39
-331.8273058	65.9248231	-483	14.49
-258.9687794	61.661127	-453	13.59
-198.6888694	57.4436305	-423	12.69
-124.7378349	52.856599	-390.5	11.715
-84.8022127	48.7776594	-361	10.83
-29.3352475	44.5272378	-330.5	9.915
1.742195	40.8842633	-304	9.12
31.3432742	37.3159375	-278	8.34
55.2308278	34.1683039	-255	7.65
97.0266684	30.3167387	-227	6.81
130.4810549	26.1594176	-196.5	5.895
183.7039466	21.529895	-162.5	4.875
213.8217515	17.307531	-131	3.93
236.1738849	13.2154274	-100	3
250.2436212	9.9950971	-75	2.25
215.4014418	8.7236098	-65.5	1.965
200.3868245	8.1239109	-61	1.83
193.7136613	7.8573785	-59	1.77
191.8534429	7.6629078	-57.5	1.725
185.3722072	7.5242132	-56.5	1.695
186.8485705	7.4630058	-56	1.68
191.4695879	7.4078912	-55.5	1.665
185.1802797	7.3963718	-55.5	1.665
183.5119889	7.3297379	-55	1.65
183.5119889	7.3297379	-55	1.65
183.5119889	7.3297379	-55	1.65
180.3673348	7.3243143	-55	1.65
183.5119889	7.3297379	-55	1.65
186.656643	7.335387	-55	1.65
183.5119889	7.3297379	-55	1.65
183.5119889	7.3297379	-55	1.65
186.656643	7.335387	-55	1.65
186.656643	7.335387	-55	1.65
178.699044	7.2576813	-54.5	1.635
181.8436981	7.2631039	-54.5	1.635
184.9883522	7.2687541	-54.5	1.635
181.8436981	7.2631039	-54.5	1.635
178.699044	7.2576813	-54.5	1.635
181.8436981	7.2631039	-54.5	1.635
184.9883522	7.2687541	-54.5	1.635
181.8436981	7.2631039	-54.5	1.635
184.9883522	7.2687541	-54.5	1.635
188.1330063	7.2746314	-54.5	1.635
184.9883522	7.2687541	-54.5	1.635
183.5119889	7.3297379	-55	1.65
178.699044	7.2576813	-54.5	1.635
181.8436981	7.2631039	-54.5	1.635
178.699044	7.2576813	-54.5	1.635
181.8436981	7.2631039	-54.5	1.635
183.5119889	7.3297379	-55	1.65
178.699044	7.2576813	-54.5	1.635
184.9883522	7.2687541	-54.5	1.635
184.9883522	7.2687541	-54.5	1.635
181.8436981	7.2631039	-54.5	1.635
178.699044	7.2576813	-54.5	1.635
178.699044	7.2576813	-54.5	1.635
232.6748891	6.7118221	-49	1.47
296.3504377	4.9006378	-28.5	0.855
320.0460638	4.1050123	-4.5	0.135
341.5566735	5.1940632	14.5	0.435
351.2563769	6.6085253	29.5	0.885
351.7140456	8.0938888	43.5	1.305
368.2788398	9.6158279	55.5	1.665
396.4626127	11.8761128	72.5	2.175
389.538465	13.2411605	84	2.52
408.1554051	14.5600246	93.5	2.805
455.7238281	17.7222799	116	3.48
486.4764725	20.471075	136	4.08
495.7923209	22.7150455	153	4.59
505.8758794	24.4567791	166	4.98
525.2014726	26.3857344	180	5.4
548.9561557	28.5372932	195.5	5.865
554.2267693	30.3288157	209	6.27
557.3123664	31.4578493	217.5	6.525
571.1163616	32.8415578	227.5	6.825
581.5837751	34.3396917	238.5	7.155
592.2431162	35.7084885	248.5	7.455
587.9468969	36.4756375	254.5	7.635
609.7084911	37.8362633	264	7.92
626.6571403	39.238346	274	8.22
640.2692079	40.7555388	285	8.55
649.4521857	42.0534062	294.5	8.835
666.78469	43.1942358	302.5	9.075
689.8307199	44.7589752	313.5	9.405
711.0165315	46.5123289	326	9.78
751.9708483	48.8251363	342	10.26
769.8200782	50.6939463	355.5	10.665
798.3877062	52.81367	370.5	11.115
826.7634066	55.0644748	386.5	11.595
855.3310346	57.1842937	401.5	12.045
887.0433166	59.3195059	416.5	12.495
924.6610518	61.7476162	433.5	13.005
992.9576177	64.8544747	454.5	13.635
1055.673529	68.5278755	480	14.4
1061.844723	70.801042	497	14.91
1081.554171	72.4815294	509	15.27
1110.505654	74.3392175	522	15.66
1177.517784	77.2416344	541.5	16.245
1221.424828	79.7008751	558.5	16.755
1283.815941	82.5157736	577.5	17.325
1376.885884	86.012676	600.5	18.015
1460.13801	89.7251942	625.5	18.765
1567.779659	94.0899701	654.5	19.635
1698.526395	98.905834	686	20.58
1839.799601	104.109211	720	21.6
1996.796078	109.4015111	754	22.62
2182.995022	115.3171046	791.5	23.745
2412.643341	121.8761165	832	24.96
2588.315814	127.425172	867	26.01
2797.678902	132.7224824	898.5	26.955
2977.455668	137.6627884	928.5	27.855
3031.180528	139.9201312	943.5	28.305
3064.620158	140.8941477	949.5	28.485
3069.949829	141.5717969	954.5	28.635
3088.817753	141.6840975	954.5	28.635
3080.476299	141.9573734	957	28.71
3086.957535	141.8667526	956	28.68
3088.625826	141.8121072	955.5	28.665
3086.765607	141.9947841	957	28.71
3080.476299	141.9573734	957	28.71
3081.952662	142.0307501	957.5	28.725
3086.765607	141.9947841	957	28.71
3086.765607	141.9947841	957	28.71
3091.386625	142.086879	957.5	28.725
3085.289244	141.9214082	956.5	28.695
3089.718334	142.1415359	958	28.74
3083.429026	142.1041269	958	28.74
3088.24197	142.06816	957.5	28.725
3094.723206	141.9775959	956.5	28.695
3091.578552	141.9588572	956.5	28.695
3093.246843	141.9042212	956	28.68
3086.57368	142.1228267	958	28.74
3091.578552	141.9588572	956.5	28.695
3096.391497	141.9229697	956	28.68
3093.246843	141.9042212	956	28.68
3096.391497	141.9229697	956	28.68
3094.723206	141.9775959	956.5	28.695
3086.57368	142.1228267	958	28.74
3094.723206	141.9775959	956.5	28.695
3102.680805	141.9604947	956	28.68
3093.246843	141.9042212	956	28.68
3091.386625	142.086879	957.5	28.725
3091.386625	142.086879	957.5	28.725
3099.536151	141.9417275	956	28.68
3094.531279	142.1056074	957.5	28.725
-2944.916618	137.1469048	-926	27.78
-2948.061273	137.1654948	-926	27.78
-2943.440255	137.0735238	-925.5	27.765
-2941.771964	137.1283246	-926	27.78
-2938.62731	137.1097541	-926	27.78
-2944.916618	137.1469048	-926	27.78
-2941.771964	137.1283246	-926	27.78
-2944.916618	137.1469048	-926	27.78
-2937.150947	137.0363724	-925.5	27.765
-2941.771964	137.1283246	-926	27.78
-2941.771964	137.1283246	-926	27.78
-2941.771964	137.1283246	-926	27.78
-2941.771964	137.1283246	-926	27.78
-2938.62731	137.1097541	-926	27.78
-2935.482656	137.0911934	-926	27.78
-2938.62731	137.1097541	-926	27.78
-2941.771964	137.1283246	-926	27.78
-2944.916618	137.1469048	-926	27.78
-2943.440255	137.0735238	-925.5	27.765
-2946.584909	137.0921142	-925.5	27.765
-2938.62731	137.1097541	-926	27.78
-2944.916618	137.1469048	-926	27.78
-2944.916618	137.1469048	-926	27.78
-2941.771964	137.1283246	-926	27.78
-2941.771964	137.1283246	-926	27.78
-2944.916618	137.1469048	-926	27.78
-2941.771964	137.1283246	-926	27.78
-2941.771964	137.1283246	-926	27.78
-2941.771964	137.1283246	-926	27.78
-2944.916618	137.1469048	-926	27.78
-2944.916618	137.1469048	-926	27.78
-2941.771964	137.1283246	-926	27.78
-2941.771964	137.1283246	-926	27.78
-2941.771964	137.1283246	-926	27.78
-2944.916618	137.1469048	-926	27.78
-2948.061273	137.1654948	-926	27.78
-2941.771964	137.1283246	-926	27.78
-2941.771964	137.1283246	-926	27.78
-2941.771964	137.1283246	-926	27.78
-2944.916618	137.1469048	-926	27.78
-2941.771964	137.1283246	-926	27.78
-2944.916618	137.1469048	-926	27.78
-2944.916618	137.1469048	-926	27.78
-2944.916618	137.1469048	-926	27.78
-2944.916618	137.1469048	-926	27.78
-2941.771964	137.1283246	-926	27.78
-2948.061273	137.1654948	-926	27.78
-2944.916618	137.1469048	-926	27.78
-2944.916618	137.1469048	-926	27.78
-2944.916618	137.1469048	-926	27.78
-2944.916618	137.1469048	-926	27.78
-2941.771964	137.1283246	-926	27.78
-2944.916618	137.1469048	-926	27.78
-2948.061273	137.1654948	-926	27.78
-2949.537636	137.2388755	-926.5	27.795
-2968.213633	137.4787277	-927.5	27.825
-3007.04199	138.0325123	-930	27.9
-3040.865475	138.7508849	-934	28.02
-3070.067942	139.3774485	-937.5	28.125
-3093.173029	139.8386777	-940	28.2
-3109.988808	140.2622482	-942.5	28.275
-3120.707206	140.5202127	-944	28.32
-3123.659933	140.6669418	-945	28.35
-3120.515278	140.6480042	-945	28.35
-3125.136296	140.7403064	-945.5	28.365
-3125.136296	140.7403064	-945.5	28.365
-3123.468005	140.7947344	-946	28.38
-3128.28095	140.7592529	-945.5	28.365
-3128.28095	140.7592529	-945.5	28.365
-3125.136296	140.7403064	-945.5	28.365
-3125.136296	140.7403064	-945.5	28.365
-3125.136296	140.7403064	-945.5	28.365
-3128.28095	140.7592529	-945.5	28.365
-3126.612659	140.813671	-946	28.38
-3123.468005	140.7947344	-946	28.38
-3126.612659	140.813671	-946	28.38
-3120.323351	140.7758073	-946	28.38
-3125.136296	140.7403064	-945.5	28.365
-3125.136296	140.7403064	-945.5	28.365
-3123.468005	140.7947344	-946	28.38
-3126.612659	140.813671	-946	28.38
-3128.28095	140.7592529	-945.5	28.365
-3123.468005	140.7947344	-946	28.38
-3129.757313	140.832617	-946	28.38
-3126.612659	140.813671	-946	28.38
-3126.612659	140.813671	-946	28.38
-3131.425604	140.7782089	-945.5	28.365
-3126.612659	140.813671	-946	28.38
-3129.757313	140.832617	-946	28.38
-3128.28095	140.7592529	-945.5	28.365
-3125.136296	140.7403064	-945.5	28.365
-3012.696459	139.551979	-941.5	28.245
-2844.420558	137.5304119	-933.5	28.005
-2678.004876	135.3447749	-924	27.72
-2535.270063	133.2442604	-914	27.42
-2416.024192	131.3502675	-904.5	27.135
-2310.833301	129.6061909	-895.5	26.865
-2238.565314	128.1084936	-887	26.61
-2156.863365	126.564385	-878.5	26.355
-2064.25109	124.9026275	-869.5	26.085
-2015.280117	123.7314802	-862.5	25.875
-1949.109511	122.408855	-855	25.65
-1867.599489	120.7490937	-845.5	25.365
-1811.2467	119.2173224	-836	25.08
-1733.07326	117.4487869	-825.5	24.765
-1672.099453	115.8328031	-815.5	24.465
-1603.359975	114.1158574	-805	24.15
-1565.875111	112.6812593	-795.5	23.865
-1515.619702	111.3196824	-787	23.61
-1469.985311	110.047314	-779	23.37
-1393.864017	107.973449	-766	22.98
-1328.653048	106.0188637	-753.5	22.605
-1248.102664	103.7331282	-739	22.17
-1200.475184	101.662226	-725	21.75
-1129.550689	99.2915965	-709.5	21.285
-1084.684008	97.5014235	-697.5	20.925
-1021.525185	95.2353353	-682.5	20.475
-946.1716011	92.6547041	-665.5	19.965
-895.7833221	90.3134258	-649.5	19.485
-825.0507552	87.8249339	-633	18.99
-742.5072821	84.7599506	-612.5	18.375
-674.0187886	81.8214459	-592.5	17.775
-585.9537175	78.2118259	-568	17.04
-509.1828269	74.4495622	-542	16.26
-417.2644485	70.2383502	-513	15.39
-331.8273058	65.9248231	-483	14.49
-258.9687794	61.661127	-453	13.59
-198.6888694	57.4436305	-423	12.69
-124.7378349	52.856599	-390.5	11.715
-84.8022127	48.7776594	-361	10.83
-29.3352475	44.5272378	-330.5	9.915
1.742195	40.8842633	-304	9.12
31.3432742	37.3159375	-278	8.34
55.2308278	34.1683039	-255	7.65
97.0266684	30.3167387	-227	6.81
130.4810549	26.1594176	-196.5	5.895
183.7039466	21.529895	-162.5	4.875
213.8217515	17.307531	-131	3.93
236.1738849	13.2154274	-100	3
250.2436212	9.9950971	-75	2.25
215.4014418	8.7236098	-65.5	1.965
200.3868245	8.1239109	-61	1.83
193.7136613	7.8573785	-59	1.77
191.8534429	7.6629078	-57.5	1.725
185.3722072	7.5242132	-56.5	1.695
186.8485705	7.4630058	-56	1.68
191.4695879	7.4078912	-55.5	1.665
185.1802797	7.3963718	-55.5	1.665
183.5119889	7.3297379	-55	1.65
183.5119889	7.3297379	-55	1.65
183.5119889	7.3297379	-55	1.65
180.3673348	7.3243143	-55	1.65
183.5119889	7.3297379	-55	1.65
186.656643	7.335387	-55	1.65
183.5119889	7.3297379	-55	1.65
183.5119889	7.3297379	-55	1.65
186.656643	7.335387	-55	1.65
186.656643	7.335387	-55	1.65
178.699044	7.2576813	-54.5	1.635
181.8436981	7.2631039	-54.5	1.635
184.9883522	7.2687541	-54.5	1.635
181.8436981	7.2631039	-54.5	1.635
178.699044	7.2576813	-54.5	1.635
181.8436981	7.2631039	-54.5	1.635
184.9883522	7.2687541	-54.5	1.635
181.8436981	7.2631039	-54.5	1.635
184.9883522	7.2687541	-54.5	1.635
188.1330063	7.2746314	-54.5	1.635
184.9883522	7.2687541	-54.5	1.635
183.5119889	7.3297379	-55	1.65
178.699044	7.2576813	-54.5	1.635
181.8436981	7.2631039	-54.5	1.635
178.699044	7.2576813	-54.5	1.635
181.8436981	7.2631039	-54.5	1.635
183.5119889	7.3297379	-55	1.65
178.699044	7.2576813	-54.5	1.635
184.9883522	7.2687541	-54.5	1.635
184.9883522	7.2687541	-54.5	1.635
181.8436981	7.2631039	-54.5	1.635
178.699044	7.2576813	-54.5	1.635
178.699044	7.2576813	-54.5	1.635
232.6748891	6.7118221	-49	1.47
296.3504377	4.9006378	-28.5	0.855
320.0460638	4.1050123	-4.5	0.135
341.5566735	5.1940632	14.5	0.435
351.2563769	6.6085253	29.5	0.885
351.7140456	8.0938888	43.5	1.305
368.2788398	9.6158279	55.5	1.665
396.4626127	11.8761128	72.5	2.175
389.538465	13.2411605	84	2.52
408.1554051	14.5600246	93.5	2.805
455.7238281	17.7222799	116	3.48
486.4764725	20.471075	136	4.08
495.7923209	22.7150455	153	4.59
505.8758794	24.4567791	166	4.98
525.2014726	26.3857344	180	5.4
548.9561557	28.5372932	195.5	5.865
554.2267693	30.3288157	209	6.27
557.3123664	31.4578493	217.5	6.525
571.1163616	32.8415578	227.5	6.825
581.5837751	34.3396917	238.5	7.155
592.2431162	35.7084885	248.5	7.455
587.9468969	36.4756375	254.5	7.635
609.7084911	37.8362633	264	7.92
626.6571403	39.238346	274	8.22
640.2692079	40.7555388	285	8.55
649.4521857	42.0534062	294.5	8.835
666.78469	43.1942358	302.5	9.075
689.8307199	44.7589752	313.5	9.405
711.0165315	46.5123289	326	9.78
751.9708483	48.8251363	342	10.26
769.8200782	50.6939463	355.5	10.665
798.3877062	52.81367	370.5	11.115
826.7634066	55.0644748	386.5	11.595
855.3310346	57.1842937	401.5	12.045
887.0433166	59.3195059	416.5	12.495
924.6610518	61.7476162	433.5	13.005
992.9576177	64.8544747	454.5	13.635
1055.673529	68.5278755	480	14.4
1061.844723	70.801042	497	14.91
1081.554171	72.4815294	509	15.27
1110.505654	74.3392175	522	15.66
1177.517784	77.2416344	541.5	16.245
1221.424828	79.7008751	558.5	16.755
1283.815941	82.5157736	577.5	17.325
1376.885884	86.012676	600.5	18.015
1460.13801	89.7251942	625.5	18.765
1567.779659	94.0899701	654.5	19.635
1698.526395	98.905834	686	20.58
1839.799601	104.109211	720	21.6
1996.796078	109.4015111	754	22.62
2182.995022	115.3171046	791.5	23.745
2412.643341	121.8761165	832	24.96
2588.315814	127.425172	867	26.01
2797.678902	132.7224824	898.5	26.955
2977.455668	137.6627884	928.5	27.855
3031.180528	139.9201312	943.5	28.305
3064.620158	140.8941477	949.5	28.485
3069.949829	141.5717969	954.5	28.635
3088.817753	141.6840975	954.5	28.635
3080.476299	141.9573734	957	28.71
3086.957535	141.8667526	956	28.68
3088.625826	141.8121072	955.5	28.665
3086.765607	141.9947841	957	28.71
3080.476299	141.9573734	957	28.71
3081.952662	142.0307501	957.5	28.725
3086.765607	141.9947841	957	28.71
3086.765607	141.9947841	957	28.71
3091.386625	142.086879	957.5	28.725
3085.289244	141.9214082	956.5	28.695
3089.718334	142.1415359	958	28.74
3083.429026	142.1041269	958	28.74
3088.24197	142.06816	957.5	28.725
3094.723206	141.9775959	956.5	28.695
3091.578552	141.9588572	956.5	28.695
3093.246843	141.9042212	956	28.68
3086.57368	142.1228267	958	28.74
3091.578552	141.9588572	956.5	28.695
3096.391497	141.9229697	956	28.68
3093.246843	141.9042212	956	28.68
3096.391497	141.9229697	956	28.68
3094.723206	141.9775959	956.5	28.695
3086.57368	142.1228267	958	28.74
3094.723206	141.9775959	956.5	28.695
3102.680805	141.9604947	956	28.68
3093.246843	141.9042212	956	28.68
3091.386625	142.086879	957.5	28.725
3091.386625	142.086879	957.5	28.725
3099.536151	141.9417275	956	28.68
3094.531279	142.1056074	957.5	28.725
3096.199569	142.0509705	957	28.71
3094.531279	142.1056074	957.5	28.725
3089.718334	142.1415359	958	28.74
3099.344224	142.0697181	957	28.71
3089.718334	142.1415359	958	28.74
3096.199569	142.0509705	957	28.71
3089.718334	142.1415359	958	28.74
3097.86786	141.9963439	956.5	28.695
3094.723206	141.9775959	956.5	28.695
3091.194697	142.2149118	958.5	28.755
3096.199569	142.0509705	957	28.71
3096.199569	142.0509705	957	28.71
3096.007642	142.1789825	958	28.74
3096.007642	142.1789825	958	28.74
3094.339351	142.23363	958.5	28.755
3102.488878	142.088475	957	28.71
3091.194697	142.2149118	958.5	28.755
3097.675933	142.1243452	957.5	28.725
3097.675933	142.1243452	957.5	28.725
3091.194697	142.2149118	958.5	28.755
3097.86786	141.9963439	956.5	28.695
3091.194697	142.2149118	958.5	28.755
3101.012514	142.0151013	956.5	28.695
3099.344224	142.0697181	957	28.71
3094.531279	142.1056074	957.5	28.725
3092.862988	142.1602545	958	28.74
3096.007642	142.1789825	958	28.74
3092.862988	142.1602545	958	28.74
3091.194697	142.2149118	958.5	28.755
3097.86786	141.9963439	956.5	28.695
3092.862988	142.1602545	958	28.74
3093.054915	142.0322323	957	28.71
3092.862988	142.1602545	958	28.74
3094.339351	142.23363	958.5	28.755
3092.862988	142.1602545	958	28.74
3096.007642	142.1789825	958	28.74
3097.86786	141.9963439	956.5	28.695
3096.007642	142.1789825	958	28.74
3091.194697	142.2149118	958.5	28.755
3094.723206	141.9775959	956.5	28.695
3094.339351	142.23363	958.5	28.755
3097.86786	141.9963439	956.5	28.695
3088.050043	142.196203	958.5	28.755
3092.862988	142.1602545	958	28.74
3094.339351	142.23363	958.5	28.755
3091.194697	142.2149118	958.5	28.755
3092.862988	142.1602545	958	28.74
3094.339351	142.23363	958.5	28.755
3096.007642	142.1789825	958	28.74
3097.675933	142.1243452	957.5	28.725
3094.339351	142.23363	958.5	28.755
3094.339351	142.23363	958.5	28.755
3093.054915	142.0322323	957	28.71
3086.381752	142.2508804	959	28.77
2982.283369	140.7955518	952.5	28.575
2978.946788	140.905457	953.5	28.605
2919.96607	140.0430641	949.5	28.485
2740.587916	138.0402341	942	28.26
2521.480825	135.0609553	928.5	27.855
2315.528132	131.7926388	912	27.36
2234.01811	130.1173547	902.5	27.075
2203.531207	129.3017937	897.5	26.925
2160.27376	128.5516501	893.5	26.805
2143.649909	128.0058396	890	26.7
2109.634496	127.4362039	887	26.61
2055.658651	126.4366868	881.5	26.445
1952.136051	124.6632989	872	26.16
1911.122677	123.4702855	864.5	25.935
1863.628068	122.3778761	858	25.74
1792.836444	120.975047	850	25.5
1725.573329	119.3283378	840	25.2
1723.388313	118.6569994	835	25.05
1711.193552	118.333935	833	24.99
1682.183012	117.5998103	828.5	24.855
1589.570737	115.9699781	819.5	24.585
1498.110027	113.5571821	804.5	24.135
1459.148799	112.0521509	794.5	23.835
1368.972525	109.851391	781	23.43
1280.848397	107.333402	765	22.95
1240.794661	105.4954979	752.5	22.575
1217.364776	104.1961601	743.5	22.305
1202.601143	103.4667317	738.5	22.155
1177.119112	102.4912512	732	21.96
1130.008358	101.1568478	723.5	21.705
1055.171499	99.3074978	712	21.36
1032.125469	97.7449496	701	21.03
1001.121841	96.2159085	690.5	20.715
969.5424291	95.0849118	683	20.49
935.0102911	93.8091225	674.5	20.235
894.3807724	92.3759982	665	19.95
872.6191783	91.0200123	655.5	19.665
810.5528636	89.1027678	643	19.29
719.6679364	86.3427516	625	18.75
632.887301	82.9375204	602	18.06
581.4065138	80.2705689	583.5	17.505
543.5968511	77.9899588	567.5	17.025
499.3059527	75.821307	552.5	16.575
445.9649471	73.3549615	535.5	16.065
400.5815404	70.8518547	518	15.54
350.5771164	68.2685629	500	15
292.9989485	65.4627398	480.5	14.415
229.707255	62.2413316	458	13.74
171.6123615	58.7062355	433	12.99
101.7065617	54.6066239	404	12.12
51.0525414	50.3001097	373	11.19
-8.8435135	45.8433516	341	10.23
-45.4425541	41.6541819	310.5	9.315
-91.4755569	37.4519546	280	8.4
-120.1169985	33.228661	249	7.47
-156.9079666	29.203211	219.5	6.585
-187.7934816	25.4724061	192	5.76
-227.3452488	21.224422	160.5	4.815
-263.3685068	16.7713921	127	3.81
-294.9626749	12.6249105	95	2.85
-263.5899477	10.5281689	79	2.37
-243.570458	9.7285612	73	2.19
-230.416059	9.3233095	70	2.1
-228.5558407	9.1288553	68.5	2.055
-228.3639132	9.0012157	67.5	2.025
-226.6956224	8.9345824	67	2.01
-221.8826775	8.8623194	66.5	1.995
-221.8826775	8.8623194	66.5	1.995
-220.2143867	8.7956854	66	1.98
-220.2143867	8.7956854	66	1.98
-226.5036948	8.8071339	66	1.98
-218.5460959	8.7290515	65.5	1.965
-218.5460959	8.7290515	65.5	1.965
-218.5460959	8.7290515	65.5	1.965
-215.4014418	8.7236098	65.5	1.965
-215.4014418	8.7236098	65.5	1.965
-218.5460959	8.7290515	65.5	1.965
-215.4014418	8.7236098	65.5	1.965
-218.5460959	8.7290515	65.5	1.965
-215.4014418	8.7236098	65.5	1.965
-221.6907499	8.7346826	65.5	1.965
-218.5460959	8.7290515	65.5	1.965
-218.5460959	8.7290515	65.5	1.965
-218.5460959	8.7290515	65.5	1.965
-218.5460959	8.7290515	65.5	1.965
-218.5460959	8.7290515	65.5	1.965
-218.5460959	8.7290515	65.5	1.965
-218.5460959	8.7290515	65.5	1.965
-218.5460959	8.7290515	65.5	1.965
-218.5460959	8.7290515	65.5	1.965
-213.9250785	8.784989	66	1.98
-215.4014418	8.7236098	65.5	1.965
-218.5460959	8.7290515	65.5	1.965
-218.5460959	8.7290515	65.5	1.965
-221.6907499	8.7346826	65.5	1.965
-218.5460959	8.7290515	65.5	1.965
-221.6907499	8.7346826	65.5	1.965
-218.5460959	8.7290515	65.5	1.965
-218.5460959	8.7290515	65.5	1.965
-263.2799063	8.2707061	61	1.83
-300.3809158	7.0549611	49.5	1.485
-337.2309408	5.2583517	28.5	0.855
-347.6392974	4.4678032	9	0.27
-377.1075061	5.314573	-9.5	0.285
-404.3316414	7.3684816	-31.5	0.945
-431.9396317	9.7263895	-51.5	1.545
-465.2611476	12.6652167	-74.5	2.235
-475.6695042	15.1071063	-94	2.82
-486.8455709	17.1130448	-109.5	3.285
-504.6948008	18.9342019	-123	3.69
-485.7678194	19.8908967	-131.5	3.945
-489.4291991	20.6176881	-137	4.11
-552.0122394	23.3158127	-155	4.65
-597.5285166	26.8090537	-180	5.4
-618.8471988	29.5203642	-200	6
-646.4551891	32.2750133	-220	6.6
-674.2551069	34.904579	-239	7.17
-712.5814953	37.9209712	-260.5	7.815
-761.2424266	41.4525358	-285.5	8.565
-798.9930323	44.8613355	-310	9.3
-835.6511298	47.9386172	-332	9.96
-871.9253723	51.2774459	-356	10.68
-902.6780167	54.0636054	-376	11.28
-903.1356854	55.9068139	-390	11.7
-908.5982265	57.5801159	-402.5	12.075
-959.1784331	59.8102287	-417.5	12.525
-984.0256244	62.3056579	-435.5	13.065
-1061.372298	65.724358	-458.5	13.755
-1124.472064	69.1372594	-482	14.46
-1210.293061	73.2584146	-510	15.3
-1289.824751	77.3478137	-538	16.14
-1369.356441	81.4374994	-566	16.98
-1455.177438	85.5601847	-594	17.82
-1570.008976	90.426062	-626.5	18.795
-1681.887787	95.1469918	-658	19.74
-1856.984478	101.0607128	-696	20.88
-1979.005905	106.4293929	-732	21.96
-1975.167354	109.023165	-752	22.56
-1947.190266	109.7241374	-758.5	22.755
-1932.367576	110.1039376	-762	22.86
-1929.030994	110.2173386	-763	22.89
-1928.839067	110.3474043	-764	22.92
-1949.183354	110.5207471	-764.5	22.935
-2007.780217	111.6193348	-770.5	23.115
-2125.874523	114.2855286	-786	23.58
-2254.111444	117.6018822	-806	24.18
-2337.2307	120.3456823	-823.5	24.705
-2425.354828	122.9237511	-839.5	25.185
-2611.288031	126.9082429	-862	25.86
-2762.246183	130.9611969	-886.5	26.595
-2947.987459	135.097532	-910	27.3
-3046.829985	137.9478179	-927.5	27.825
-3085.98314	139.3440187	-936.5	28.095
-3100.938701	139.949863	-940.5	28.215
-3106.844154	140.2433268	-942.5	28.275
-3112.941534	140.4089792	-943.5	28.305
-3111.273244	140.463425	-944	28.32
-3115.894261	140.5557103	-944.5	28.335
-3115.894261	140.5557103	-944.5	28.335
-3119.038915	140.5746391	-944.5	28.335
-3119.038915	140.5746391	-944.5	28.335
-3117.370624	140.629076	-945	28.35
-3120.515278	140.6480042	-945	28.35
-3123.659933	140.6669418	-945	28.35
-3117.370624	140.629076	-945	28.35
-3117.370624	140.629076	-945	28.35
-3117.370624	140.629076	-945	28.35
-3123.659933	140.6669418	-945	28.35
-3123.659933	140.6669418	-945	28.35
-3120.515278	140.6480042	-945	28.35
-3120.515278	140.6480042	-945	28.35
-3121.991642	140.7213693	-945.5	28.365
-3123.659933	140.6669418	-945	28.35
-3120.515278	140.6480042	-945	28.35
-3123.659933	140.6669418	-945	28.35
-3118.846988	140.7024416	-945.5	28.365
-3117.370624	140.629076	-945	28.35
-3118.846988	140.7024416	-945.5	28.365
-3115.702334	140.6835233	-945.5	28.365
-3121.991642	140.7213693	-945.5	28.365
-3125.136296	140.7403064	-945.5	28.365
-3121.991642	140.7213693	-945.5	28.365
-2850.517939	137.6953975	-934.5	28.035
-2576.85922	134.0616653	-918.5	27.555
-2333.362605	130.4467818	-901	27.03
-2168.290416	127.4115618	-884.5	26.535
-2056.293491	124.9275185	-870	26.1
-1940.959984	122.5653493	-856.5	25.695
-1803.997754	119.8414479	-841	25.23
-1635.264185	116.1195717	-819	24.57
-1470.44298	111.905127	-793	23.79
-1307.673921	107.3857957	-764.5	22.935
-1142.911772	102.0774576	-730	21.9
-949.1390844	96.0681743	-691	20.73
-775.1939585	89.4985971	-647	19.41
-635.6481001	83.2155102	-604	18.12
-511.6335845	77.1383322	-562	16.86
-412.0085916	71.6956756	-524	15.72
-326.0547233	66.6440924	-488.5	14.655
-244.7218723	61.6834409	-453.5	13.605
-132.5773199	55.097351	-407	12.21
-39.8764747	48.1860612	-357.5	10.725
29.7192836	41.690856	-310.5	9.315
46.4907621	36.8775057	-275	8.25
160.0526207	29.1982307	-219.5	6.585
216.2429957	21.1659985	-160	4.8
228.7773118	16.7723476	-127	3.81
257.0348983	12.4490694	-94	2.82
240.2338764	9.5952932	-72	2.16
213.5412234	8.5291495	-64	1.92
200.194897	7.9960777	-60	1.8
199.8110419	7.7410419	-58	1.74
194.8061695	7.5411513	-56.5	1.695
182.0356256	7.3909473	-55.5	1.665
186.656643	7.335387	-55	1.65
181.8436981	7.2631039	-54.5	1.635
180.1754073	7.1964699	-54	1.62
177.0307532	7.1910484	-54	1.62
180.1754073	7.1964699	-54	1.62
180.1754073	7.1964699	-54	1.62
180.1754073	7.1964699	-54	1.62
180.1754073	7.1964699	-54	1.62
180.1754073	7.1964699	-54	1.62
178.5071165	7.1298359	-53.5	1.605
180.1754073	7.1964699	-54	1.62
181.6517706	7.1354883	-53.5	1.605
175.3624624	7.1244155	-53.5	1.605
172.2178083	7.1192276	-53.5	1.605
180.1754073	7.1964699	-54	1.62
310.9811999	5.2367559	-31	0.93
363.8202366	4.9204383	5	0.15
430.8471234	9.4414236	49	1.47
490.3002664	14.9111362	91.5	2.745
530.9445418	19.4271317	125.5	3.765
539.6255506	23.1104463	154	4.62
578.8525196	26.5680115	179	5.37
629.6984674	30.7503118	209	6.27
722.6502971	36.4783179	249	7.47
754.9531184	41.4184783	285.5	8.565
773.6438721	44.8581796	311	9.33
834.4995647	48.7195487	338	10.14
944.6510281	54.6105383	378.5	11.355
1006.540172	59.9212493	416.5	12.495
1087.681095	65.0702043	452.5	13.575
1228.319462	71.7757303	498	14.94
1348.613541	78.3102119	543	16.29
1470.383983	84.9181699	588.5	17.655
1585.156464	90.8993122	629.5	18.885
1720.273232	97.054239	671	20.13
1852.629202	102.9337983	710.5	21.315
1837.112616	105.9300369	734	22.02
1802.270436	106.9946787	743.5	22.305
1790.400473	107.5244428	748	22.44
1780.582656	107.7367637	750	22.5
1782.059019	107.8100746	750.5	22.515
1814.598068	108.3063585	753	22.59
1888.534346	109.7417417	761	22.83
2015.486831	112.8387795	779.5	23.385
2081.790309	115.1577635	794.5	23.835
2205.406212	118.3775409	814	24.42
2372.087636	122.4946677	838.5	25.155
2501.03321	126.4086766	863	25.89
2611.87857	129.7033355	883.5	26.505
2717.010404	132.5784267	901	27.03
2886.319756	136.0255027	920	27.6
3018.085186	139.1316677	938	28.14
3049.088815	140.6725855	948.5	28.455
3063.852448	141.4063584	953.5	28.605
3084.196736	141.5919822	954	28.62
3080.668227	141.8293215	956	28.68
3083.620953	141.976074	957	28.71
3086.957535	141.8667526	956	28.68
3081.952662	142.0307501	957.5	28.725
3086.765607	141.9947841	957	28.71
3088.433898	141.940128	956.5	28.695
3085.289244	141.9214082	956.5	28.695
3088.433898	141.940128	956.5	28.695
3091.578552	141.9588572	956.5	28.695
3088.24197	142.06816	957.5	28.725
3091.77048	141.8308466	955.5	28.665
3085.097316	142.0494504	957.5	28.725
3088.24197	142.06816	957.5	28.725
3091.578552	141.9588572	956.5	28.695
3096.391497	141.9229697	956	28.68
3091.578552	141.9588572	956.5	28.695
3083.429026	142.1041269	958	28.74
3093.246843	141.9042212	956	28.68
3093.246843	141.9042212	956	28.68
3091.578552	141.9588572	956.5	28.695
3089.718334	142.1415359	958	28.74
3093.054915	142.0322323	957	28.71
3093.054915	142.0322323	957	28.71
3086.57368	142.1228267	958	28.74
3089.910261	142.0135035	957	28.71
3086.57368	142.1228267	958	28.74
3091.578552	141.9588572	956.5	28.695
3096.391497	141.9229697	956	28.68
3093.054915	142.0322323	957	28.71
3093.054915	142.0322323	957	28.71
3093.054915	142.0322323	957	28.71
3097.86786	141.9963439	956.5	28.695
3097.86786	141.9963439	956.5	28.695
3091.386625	142.086879	957.5	28.725
3093.054915	142.0322323	957	28.71
3088.24197	142.06816	957.5	28.725
3091.578552	141.9588572	956.5	28.695
3088.050043	142.196203	958.5	28.755
3091.386625	142.086879	957.5	28.725
3094.531279	142.1056074	957.5	28.725
3099.344224	142.0697181	957	28.71
3097.86786	141.9963439	956.5	28.695
3076.047209	141.7372434	955.5	28.665
2930.684468	140.2998136	951	28.53
2832.491538	139.1486954	946.5	28.395
2742.640062	137.726696	939.5	28.185
2605.426848	136.1759756	933.5	28.005
2470.457706	134.194778	924	27.72
2298.520426	131.5059949	910.5	27.315
2139.35369	128.7720301	896	26.88
1972.805137	125.689047	879	26.37
1812.929747	122.3934203	860	25.8
1703.176896	119.4853514	842	25.26
1553.119323	115.9985435	821	24.63
1437.652946	112.6836725	800	24
1353.057327	109.9128461	782	23.46
1285.469414	107.4202536	765.5	22.965
1203.826522	104.8022598	748.5	22.455
1085.215491	101.4991475	727.5	21.825
959.9903529	97.3132574	700	21
844.3911051	93.0438528	671.5	20.145
765.9519237	89.3290556	646	19.38
671.9813995	85.4259091	619.5	18.585
575.0581486	81.3858838	592	17.76
473.8977355	77.005428	562	16.86
367.2157243	72.0816781	528	15.84
282.7382192	67.1086767	493	14.79
203.073659	62.0929248	457.5	13.725
112.6907008	56.8559391	420.5	12.615
44.3203213	51.6945448	383.5	11.505
-14.4241685	46.434994	345.5	10.365
-71.5003675	41.1249194	307	9.21
-113.0452235	35.9969848	269.5	8.085
-159.4030245	30.9437387	232.5	6.975
-203.9006071	25.7205803	194	5.82
-248.3981897	20.5468373	155.5	4.665
-282.1773743	15.6615102	118.5	3.555
-295.6713281	12.049952	90.5	2.715
-261.7297293	10.3338835	77.5	2.325
-241.9021672	9.6619272	72.5	2.175
-236.7053672	9.3343823	70	2.1
-228.5558407	9.1288553	68.5	2.055
-226.6956224	8.9345824	67	2.01
-221.8826775	8.8623194	66.5	1.995
-217.0697326	8.790243	66	1.98
-220.2143867	8.7956854	66	1.98
-218.5460959	8.7290515	65.5	1.965
-221.6907499	8.7346826	65.5	1.965
-218.5460959	8.7290515	65.5	1.965
-215.4014418	8.7236098	65.5	1.965
-215.4014418	8.7236098	65.5	1.965
-216.8778051	8.6624175	65	1.95
-213.733151	8.6569765	65	1.95
-215.4014418	8.7236098	65.5	1.965
-216.8778051	8.6624175	65	1.95
-216.8778051	8.6624175	65	1.95
-216.8778051	8.6624175	65	1.95
-220.0224591	8.6680493	65	1.95
-216.8778051	8.6624175	65	1.95
-216.8778051	8.6624175	65	1.95
-216.8778051	8.6624175	65	1.95
-216.8778051	8.6624175	65	1.95
-220.0224591	8.6680493	65	1.95
-216.8778051	8.6624175	65	1.95
-220.0224591	8.6680493	65	1.95
-249.4168542	8.4178374	62.5	1.875
-295.7598984	7.0892352	50	1.5
-336.1384326	5.4475652	31	0.93
-354.1205331	4.5611861	10	0.3
-390.9705582	5.576179	-11	0.33
-437.1954886	8.6048961	-40.5	1.215
-483.2284914	12.4041198	-71	2.13
-531.6384382	16.9387838	-105.5	3.165
-565.4766798	20.7331928	-134	4.02
-601.1751397	24.3941701	-161	4.83
-648.8764333	28.5374343	-191	5.73
-704.1514709	32.9333679	-222.5	6.675
-740.942439	36.9721618	-252	7.56
-814.317691	42.0057872	-287.5	8.625
-876.7826175	46.9167133	-322.5	9.675
-927.2447101	51.3737464	-354.5	10.635
-950.5564812	54.9039083	-380.5	11.415
-971.4913083	57.9007945	-402.5	12.075
-1046.593908	61.7707199	-429	12.87
-1172.468642	67.7438449	-469.5	14.085
-1241.414804	72.5659741	-503.5	15.105
-1278.781555	76.2397144	-530	15.9
-1323.013396	79.555752	-553.5	16.605
-1399.784287	83.3683417	-579.5	17.385
-1491.894593	87.5237469	-607.5	18.225
-1585.481262	91.7533869	-636	19.08
-1672.970551	95.8204968	-663.5	19.905
-1746.980642	99.3579412	-687.5	20.625
-1847.62433	103.1032989	-712	21.36
-1977.662412	107.3367257	-739	22.17
-2099.742896	111.5960128	-766.5	22.995
-2248.456975	116.0715128	-794.5	23.835
-2406.221162	120.8641931	-824.5	24.735
-2612.439596	126.1366306	-856	25.68
-2720.848955	130.0070546	-881	26.43
-2815.070463	132.7596381	-898	26.94
-2936.117496	135.6082068	-914.5	27.435
-3021.86468	137.6691213	-926.5	27.795
-3070.451797	139.1217051	-935.5	28.065
-3093.173029	139.8386777	-940	28.2
-3099.078482	140.1321454	-942	28.26
-3108.320517	140.3166928	-943	28.29
-3109.79688	140.3900589	-943.5	28.305
-3112.941534	140.4089792	-943.5	28.305
-3114.417898	140.4823448	-944	28.32
-3114.417898	140.4823448	-944	28.32
-3114.417898	140.4823448	-944	28.32
-3115.894261	140.5557103	-944.5	28.335
-3112.749607	140.5367911	-944.5	28.335
-3115.894261	140.5557103	-944.5	28.335
-3117.562552	140.501274	-944	28.32
-3119.038915	140.5746391	-944.5	28.335
-3115.894261	140.5557103	-944.5	28.335
-3115.894261	140.5557103	-944.5	28.335
-3117.370624	140.629076	-945	28.35
-3125.328223	140.6125248	-944.5	28.335
-3114.22597	140.6101572	-945	28.35
-3117.370624	140.629076	-945	28.35
-3120.515278	140.6480042	-945	28.35
-3026.751438	139.699999	-942	28.26
-2819.455253	137.2564755	-932.5	27.975
-2619.024158	134.4923797	-920	27.6
-2373.667326	131.0557976	-904	27.12
-2146.277837	127.2970431	-884.5	26.535
-1946.097727	123.3814527	-862.5	25.875
-1752.59078	119.2606374	-838.5	25.155
-1570.569942	114.887747	-812	24.36
-1364.543435	109.6323214	-779.5	23.385
-1278.338582	105.7939475	-753.5	22.605
-1194.318746	102.6326003	-732.5	21.975
-1093.483131	99.0701399	-709	21.27
-992.6475159	95.5140934	-685.5	20.565
-906.0588081	91.9564101	-661.5	19.845
-856.0543841	89.3513609	-643.5	19.305
-812.1473407	86.9053685	-626.5	18.795
-736.985684	84.2037916	-608.5	18.255
-679.2155886	81.5069787	-590	17.7
-583.1929184	77.9338522	-566	16.98
-492.3670483	74.0543886	-539.5	16.185
-394.7351443	69.4234096	-507.5	15.225
-296.2026596	64.331731	-472	14.16
-198.437885	58.7194092	-432.5	12.975
-125.446488	53.4636133	-395	11.85
-46.933493	47.6666444	-353.5	10.605
44.2909889	40.8498996	-304.5	9.135
102.0167841	33.8011925	-253	7.59
173.4137039	26.4292562	-199	5.97
219.1366653	19.8980176	-150.5	4.515
255.2927939	14.4692357	-109.5	3.285
259.1608578	10.7121562	-80.5	2.415
226.6956224	8.9345824	-67	2.01
202.0551153	8.1905441	-61.5	1.845
192.0453705	7.7907454	-58.5	1.755
190.1851521	7.5962738	-57	1.71
186.8485705	7.4630058	-56	1.68
186.656643	7.335387	-55	1.65
184.9883522	7.2687541	-54.5	1.635
181.8436981	7.2631039	-54.5	1.635
177.0307532	7.1910484	-54	1.62
180.1754073	7.1964699	-54	1.62
183.3200614	7.2021212	-54	1.62
178.5071165	7.1298359	-53.5	1.605
172.2178083	7.1192276	-53.5	1.605
175.3624624	7.1244155	-53.5	1.605
175.3624624	7.1244155	-53.5	1.605
178.5071165	7.1298359	-53.5	1.605
178.5071165	7.1298359	-53.5	1.605
178.5071165	7.1298359	-53.5	1.605
178.5071165	7.1298359	-53.5	1.605
178.5071165	7.1298359	-53.5	1.605
178.5071165	7.1298359	-53.5	1.605
177.0307532	7.1910484	-54	1.62
178.5071165	7.1298359	-53.5	1.605
181.6517706	7.1354883	-53.5	1.605
181.6517706	7.1354883	-53.5	1.605
175.3624624	7.1244155	-53.5	1.605
172.2178083	7.1192276	-53.5	1.605
178.5071165	7.1298359	-53.5	1.605
178.5071165	7.1298359	-53.5	1.605
178.5071165	7.1298359	-53.5	1.605
178.5071165	7.1298359	-53.5	1.605
223.2409269	6.6801547	-49	1.47
267.9156803	5.4069218	-36	1.08
306.8178512	4.2415539	-17.5	0.525
330.8973324	4.4731342	4.5	0.135
381.7432802	7.4257435	34.5	1.035
406.339487	10.6992793	62	1.86
448.1353275	14.4102116	90	2.7
509.5077457	18.9034333	122.5	3.675
565.4914365	23.8486421	158.5	4.755
586.9429892	27.5208232	186	5.58
621.1650858	31.1562627	212.5	6.375
672.3948886	35.089758	240.5	7.215
724.5252721	39.4885198	272	8.16
741.93159	42.7240671	296	8.88
781.3504866	46.079571	320	9.6
848.3035598	50.1041706	348	10.44
944.7838987	55.5953563	386	11.58
1025.540967	61.0048012	424	12.72
1110.919053	66.5040909	462.5	13.875
1191.868049	71.7835466	499.5	14.985
1268.579882	76.7127123	534	16.02
1373.401675	81.918184	569.5	17.085
1504.089354	87.849946	609.5	18.285
1682.46357	94.7570846	655	19.65
1894.469343	102.5061145	705.5	21.165
2115.525223	110.5741801	758	22.74
2321.625543	118.0444517	806.5	24.195
2513.346085	124.5283217	848	25.44
2715.460227	130.4293152	884.5	26.535
2933.873422	136.0472517	918	27.54
3008.843151	138.9475473	937	28.11
3042.799507	140.6352369	948.5	28.455
3072.193902	141.132999	951	28.53
3074.570846	141.6638668	955	28.65
3077.523572	141.8106201	956	28.68
3077.523572	141.8106201	956	28.68
3087.149462	141.7387322	955	28.65
3085.289244	141.9214082	956.5	28.695
3088.433898	141.940128	956.5	28.695
3088.625826	141.8121072	955.5	28.665
3086.957535	141.8667526	956	28.68
3086.765607	141.9947841	957	28.71
3088.433898	141.940128	956.5	28.695
3081.952662	142.0307501	957.5	28.725
3086.957535	141.8667526	956	28.68
3091.578552	141.9588572	956.5	28.695
3090.102189	141.8854822	956	28.68
3090.102189	141.8854822	956	28.68
3086.765607	141.9947841	957	28.71
3088.433898	141.940128	956.5	28.695
3088.433898	141.940128	956.5	28.695
3093.246843	141.9042212	956	28.68
3088.24197	142.06816	957.5	28.725
3089.718334	142.1415359	958	28.74
3089.910261	142.0135035	957	28.71
3089.718334	142.1415359	958	28.74
3086.57368	142.1228267	958	28.74
3091.386625	142.086879	957.5	28.725
3085.097316	142.0494504	957.5	28.725
3089.910261	142.0135035	957	28.71
3089.718334	142.1415359	958	28.74
3066.229392	141.93739	957.5	28.725
3069.565973	141.8279501	956.5	28.695
3071.042337	141.901328	957	28.71
3068.08961	141.7545723	956	28.68
3074.378918	141.791928	956	28.68
3071.042337	141.901328	957	28.71
3069.757901	141.699868	955.5	28.665
3067.897683	141.882665	957	28.71
3076.047209	141.7372434	955.5	28.665
3077.523572	141.8106201	956	28.68
3072.5187	141.9747059	957.5	28.725
3077.331645	141.9386822	957	28.71
3072.5187	141.9747059	957.5	28.725
3074.378918	141.791928	956	28.68
3074.378918	141.791928	956	28.68
3072.5187	141.9747059	957.5	28.725
3077.331645	141.9386822	957	28.71
3079.191863	141.7559452	955.5	28.665
3080.668227	141.8293215	956	28.68
3077.523572	141.8106201	956	28.68
3074.186991	141.9200004	957	28.71
3074.378918	141.791928	956	28.68
3074.186991	141.9200004	957	28.71
3074.186991	141.9200004	957	28.71
3072.5187	141.9747059	957.5	28.725
3075.663354	141.9933779	957.5	28.725
3072.5187	141.9747059	957.5	28.725
2935.113558	140.519981	952.5	28.575
2723.388283	137.8779976	941.5	28.245
2527.770133	135.0954007	928.5	27.855
2295.183844	131.6194584	911.5	27.345
2074.083664	127.911877	892	26.76
1866.32981	123.7765679	868.5	26.055
1694.643514	119.9075586	845.5	25.365
1537.396053	115.9257152	821	24.63
1400.49288	112.1174941	797	23.91
1260.828907	108.0432577	771	23.13
1155.75613	104.1293427	745	22.35
1028.670774	100.129928	719	21.57
945.4186477	96.4532936	694	20.82
858.8299398	92.9007774	670	20.1
766.1438513	89.196113	645	19.35
671.9813995	85.4259091	619.5	18.585
610.3579968	82.1177276	596.5	17.895
521.0084899	78.3108453	570.5	17.115
449.0505442	74.5054816	544	16.32
341.7927504	69.9845136	513	15.39
252.3103729	65.1997633	479.5	14.385
151.4009442	59.5880018	440	13.2
93.7489627	54.651785	404.5	12.135
-4.5325376	48.3422259	359.5	10.785
-87.607493	41.3589964	309	9.27
-144.4327075	34.7959491	261	7.83
-215.8296273	27.4461567	207	6.21
-270.2188408	20.4060744	154.5	4.635
-297.1329347	15.149536	114.5	3.435
-291.9508914	11.6609466	87.5	2.625
-255.2484936	10.194999	76.5	2.295
-238.5655856	9.5286592	71.5	2.145
-230.2241315	9.1954893	69	2.07
-225.2192591	8.9955874	67.5	2.025
-225.0273316	8.8679491	66.5	1.995
-218.5460959	8.7290515	65.5	1.965
-218.5460959	8.7290515	65.5	1.965
-216.8778051	8.6624175	65	1.95
-216.8778051	8.6624175	65	1.95
-213.733151	8.6569765	65	1.95
-215.2095142	8.5957835	64.5	1.935
-212.0648602	8.5903433	64.5	1.935
-215.2095142	8.5957835	64.5	1.935
-212.0648602	8.5903433	64.5	1.935
-215.2095142	8.5957835	64.5	1.935
-215.2095142	8.5957835	64.5	1.935
-215.2095142	8.5957835	64.5	1.935
-215.2095142	8.5957835	64.5	1.935
-215.2095142	8.5957835	64.5	1.935
-213.5412234	8.5291495	64	1.92
-212.0648602	8.5903433	64.5	1.935
-213.5412234	8.5291495	64	1.92
-213.5412234	8.5291495	64	1.92
-215.2095142	8.5957835	64.5	1.935
-215.2095142	8.5957835	64.5	1.935
-213.5412234	8.5291495	64	1.92
-213.5412234	8.5291495	64	1.92
-218.3541683	8.6014161	64.5	1.935
-221.4988224	8.6072407	64.5	1.935
-216.6858775	8.5347829	64	1.92
-210.3965693	8.5237101	64	1.92
-215.2095142	8.5957835	64.5	1.935
-215.2095142	8.5957835	64.5	1.935
-213.5412234	8.5291495	64	1.92
-218.3541683	8.6014161	64.5	1.935
-221.4988224	8.6072407	64.5	1.935
-213.5412234	8.5291495	64	1.92
-213.5412234	8.5291495	64	1.92
-216.6858775	8.5347829	64	1.92
-215.2095142	8.5957835	64.5	1.935
-213.5412234	8.5291495	64	1.92
-213.5412234	8.5291495	64	1.92
-215.2095142	8.5957835	64.5	1.935
-213.5412234	8.5291495	64	1.92
-213.5412234	8.5291495	64	1.92
-218.3541683	8.6014161	64.5	1.935
-215.2095142	8.5957835	64.5	1.935
-213.5412234	8.5291495	64	1.92
-215.2095142	8.5957835	64.5	1.935
-213.5412234	8.5291495	64	1.92
-215.2095142	8.5957835	64.5	1.935
-221.4988224	8.6072407	64.5	1.935
-213.5412234	8.5291495	64	1.92