#H_Fe	err_H_Fe	B[mT]	err_B[mT]
2260 120 840 30
2250 120 840 30
2250 120 840 30
2260 120 840 30
2260 120 840 30
2260 120 840 30
2260 120 840 30
2260 120 840 30
2260 120 840 30
2290 120 840 30
2310 120 850 30
2330 120 850 30
2370 120 860 30
2400 130 860 30
2440 130 870 30
2460 130 870 30
2500 130 880 30
2520 130 880 30
2540 130 880 30
2540 130 890 30
2550 130 890 30
2550 130 890 30
2560 130 890 30
2580 130 890 30
2580 130 890 30
2580 130 890 30
2610 130 900 30
2630 130 900 30
2640 130 900 30
2650 130 900 30
2660 130 900 30
2670 130 900 30
2680 130 910 30
2690 130 910 30
2700 130 910 30
2710 130 910 30
2720 130 910 30
2730 130 910 30
2740 130 910 30
2740 130 910 30
2750 130 920 30
2760 130 920 30
2770 130 920 30
2780 140 920 30
2780 140 920 30
2780 140 920 30
2780 140 920 30
2790 140 920 30
2790 140 920 30
2790 140 920 30
2810 140 920 30
2810 140 920 30
2820 140 920 30
2830 140 930 30
2840 140 930 30
2860 140 930 30
2860 140 930 30
2870 140 930 30
2890 140 930 30
2900 140 930 30
2900 140 940 30
2910 140 940 30
2930 140 940 30
2950 140 940 30
2970 140 940 30
2970 140 940 30
2980 140 940 30
2980 140 940 30
2980 140 940 30
2970 140 940 30
2970 140 940 30
2970 140 940 30
2980 140 940 30
2970 140 940 30
2990 140 950 30
3020 140 950 30
3040 140 950 30
3070 140 950 30
3080 140 950 30
3100 140 950 30
3110 140 960 30
3120 140 960 30
3120 140 960 30
3130 140 960 30
3130 140 960 30
3130 140 960 30
3140 140 960 30
3130 140 960 30
3140 140 960 30
3140 140 960 30
3130 140 960 30
3140 140 960 30
3130 140 960 30
3100 140 960 30
3060 140 960 30
3060 140 960 30
3030 140 960 30
2970 140 950 30
2950 140 950 30
2940 140 950 30
2930 140 950 30
2900 140 950 30
2900 140 950 30
2900 140 950 30
2890 140 950 30
2890 140 950 30
2900 140 950 30
2890 140 950 30
2890 140 950 30
2890 140 950 30
2900 140 950 30
2890 140 950 30
2890 140 950 30
2900 140 950 30
2900 140 950 30
2890 140 950 30
2900 140 950 30
2890 140 950 30
2900 140 950 30
2890 140 950 30
2900 140 950 30
2890 140 950 30
2890 140 950 30
2900 140 950 30
2890 140 950 30
2890 140 950 30
2890 140 950 30
2890 140 950 30
2900 140 950 30
2900 140 950 30
2890 140 950 30
2900 140 950 30
2900 140 950 30
2890 140 950 30
2900 140 950 30
2890 140 950 30
2890 140 950 30
2890 140 950 30
2890 140 950 30
2890 140 950 30
2900 140 950 30
2890 140 950 30
2900 140 950 30
2890 140 950 30
2890 140 950 30
2900 140 950 30
2890 140 950 30
2900 140 950 30
2900 140 950 30
2890 140 950 30
2900 140 950 30
2890 140 950 30
2900 140 950 30
2900 140 950 30
2900 140 950 30
2900 140 950 30
2890 140 950 30
2890 140 950 30
2890 140 950 30
2760 140 940 30
2580 140 930 30
2430 130 920 30
2310 130 910 30
2190 130 900 30
2070 130 890 30
1980 130 880 30
1850 120 860 30
1740 120 850 30
1640 120 831 25
1520 110 813 24
1440 110 796 24
1360 110 779 23
1320 110 768 23
1310 110 761 23
1220 100 749 22
1080 100 725 22
1020 100 706 21
1020 100 695 21
1030 100 691 21
1040 100 689 21
1040 100 689 21
1040 100 689 21
990 100 685 21
890 90 669 20
870 90 657 20
810 90 644 19
750 90 629 19
720 90 616 18
660 80 602 18
600 80 584 18
540 80 565 17
510 80 553 17
460 70 537 16
400 70 519 16
340 70 499 15
290 70 478 14
250 60 460 14
230 60 446 13
190 60 429 13
150 60 410 12
120 50 394 12
80 50 376 11
10 50 348 10
-60 40 308 9
-90 40 279 8
-120 30 250 7
-150 30 224 7
-170 30 201 6
-203 23 174 5
-231 19 148 4
-257 16 119 4
-273 13 97 3
-265 11 79.5 2.4
-248 10 73.5 2.2
-235 9 70.5 2.1
-230 9 69.0 2.1
-227 9 68.0 2.0
-222 9 67.5 2.0
-224 9 67.0 2.0
-222 9 66.5 2.0
-222 9 66.5 2.0
-222 9 66.5 2.0
-222 9 66.5 2.0
-220 9 66.0 2.0
-220 9 66.0 2.0
-220 9 66.0 2.0
-227 9 66.0 2.0
-217 9 66.0 2.0
-220 9 66.0 2.0
-219 9 65.5 2.0
-220 9 66.0 2.0
-220 9 66.0 2.0
-227 9 66.0 2.0
-220 9 66.0 2.0
-220 9 66.0 2.0
-223 9 66.0 2.0
-223 9 66.0 2.0
-220 9 66.0 2.0
-220 9 66.0 2.0
-223 9 66.0 2.0
-217 9 66.0 2.0
-217 9 66.0 2.0
-220 9 66.0 2.0
-217 9 66.0 2.0
-220 9 66.0 2.0
-214 9 66.0 2.0
-223 9 66.0 2.0
-217 9 66.0 2.0
-220 9 66.0 2.0
-217 9 66.0 2.0
-220 9 66.0 2.0
-220 9 66.0 2.0
-220 9 66.0 2.0
-263 8 62.0 1.9
-287 7 52.0 1.6
-302 6 40.5 1.2
-317 5 28.0 0.8
-349 4 9.5 0.3
-373 5 -8.00 0.24
-409 7 -32.0 1.0
-429 10 -52.5 1.6
-450 12 -70.5 2.1
-458 14 -86 3
-476 16 -101 3
-486 18 -114 3
-518 20 -130 4
-551 23 -150 4
-590 30 -174 5
-630 30 -198 6
-600 30 -210 6
-590 30 -218 7
-600 30 -223 7
-640 30 -234 7
-710 40 -258 8
-810 40 -294 9
-900 50 -334 10
-990 50 -375 11
-1030 60 -411 12
-1040 60 -434 13
-1090 70 -456 14
-1170 70 -484 15
-1250 70 -516 15
-1310 80 -543 16
-1350 80 -566 17
-1420 80 -589 18
-1450 90 -607 18
-1520 90 -627 19
-1620 90 -651 20
-1710 100 -675 20
-1810 100 -701 21
-1890 100 -723 22
-1960 110 -744 22
-2070 110 -765 23
-2220 120 -792 24
-2410 120 -824 25
-2540 120 -850 30
-2670 130 -870 30
-2780 130 -890 30
-2870 130 -910 30
-2900 140 -920 30
-2920 140 -920 30
-2930 140 -920 30
-2930 140 -920 30
-2940 140 -930 30
-2940 140 -930 30
-2940 140 -930 30
-2950 140 -930 30
-2940 140 -930 30
-2940 140 -930 30
-2940 140 -930 30
-2940 140 -930 30
-2940 140 -930 30
-2940 140 -930 30
-2940 140 -930 30
-2940 140 -930 30
-2940 140 -930 30
-2940 140 -930 30
-2940 140 -930 30
-2950 140 -930 30
-2940 140 -930 30
-2940 140 -930 30
-2940 140 -930 30
-2940 140 -930 30
-2940 140 -930 30
-2940 140 -930 30
-2940 140 -930 30
-2940 140 -930 30
-2940 140 -930 30
-2940 140 -930 30
-2940 140 -930 30
-2940 140 -930 30
-2940 140 -930 30
-2940 140 -930 30
-2940 140 -930 30
-2940 140 -930 30
-2940 140 -930 30
-2950 140 -930 30
-2940 140 -930 30
-2940 140 -930 30
-2940 140 -930 30
-2940 140 -930 30
-2940 140 -930 30
-2940 140 -930 30
-2940 140 -930 30
-2940 140 -930 30
-2940 140 -930 30
-2940 140 -930 30
-2940 140 -930 30
-2940 140 -930 30
-2940 140 -930 30
-2940 140 -930 30
-2940 140 -930 30
-2950 140 -930 30
-2940 140 -930 30
-2940 140 -930 30
-2940 140 -930 30
-2940 140 -930 30
-2940 140 -930 30
-2940 140 -930 30
-2940 140 -930 30
-2940 140 -930 30
-2940 140 -930 30
-2940 140 -930 30
-2950 140 -930 30
-2940 140 -930 30
-2940 140 -930 30
-2940 140 -930 30
-2940 140 -930 30
-2940 140 -930 30
-2940 140 -930 30
-2950 140 -930 30
-2950 140 -930 30
-2970 140 -930 30
-3010 140 -930 30
-3040 140 -930 30
-3070 140 -940 30
-3090 140 -940 30
-3110 140 -940 30
-3120 140 -940 30
-3120 140 -950 30
-3120 140 -950 30
-3130 140 -950 30
-3130 140 -950 30
-3120 140 -950 30
-3130 140 -950 30
-3130 140 -950 30
-3130 140 -950 30
-3130 140 -950 30
-3130 140 -950 30
-3130 140 -950 30
-3130 140 -950 30
-3120 140 -950 30
-3130 140 -950 30
-3120 140 -950 30
-3130 140 -950 30
-3130 140 -950 30
-3120 140 -950 30
-3130 140 -950 30
-3130 140 -950 30
-3120 140 -950 30
-3130 140 -950 30
-3130 140 -950 30
-3130 140 -950 30
-3130 140 -950 30
-3130 140 -950 30
-3130 140 -950 30
-3130 140 -950 30
-3130 140 -950 30
-3010 140 -940 30
-2840 140 -930 30
-2680 140 -920 30
-2540 130 -910 30
-2420 130 -900 30
-2310 130 -900 30
-2240 130 -890 30
-2160 130 -880 30
-2060 120 -870 30
-2020 120 -860 30
-1950 120 -860 30
-1870 120 -850 30
-1810 120 -840 30
-1730 120 -826 25
-1670 120 -816 24
-1600 110 -805 24
-1570 110 -796 24
-1520 110 -787 24
-1470 110 -779 23
-1390 110 -766 23
-1330 110 -754 23
-1250 100 -739 22
-1200 100 -725 22
-1130 100 -710 21
-1080 100 -698 21
-1020 100 -683 20
-950 90 -666 20
-900 90 -650 19
-830 90 -633 19
-740 80 -613 18
-670 80 -593 18
-590 80 -568 17
-510 70 -542 16
-420 70 -513 15
-330 70 -483 14
-260 60 -453 14
-200 60 -423 13
-120 50 -391 12
-80 50 -361 11
-30 40 -331 10
0 40 -304 9
30 40 -278 8
60 30 -255 8
100 30 -227 7
130 30 -197 6
184 22 -163 5
214 17 -131 4
236 13 -100 3
250 10 -75.0 2.3
215 9 -65.5 2.0
200 8 -61.0 1.8
194 8 -59.0 1.8
192 8 -57.5 1.7
185 8 -56.5 1.7
187 7 -56.0 1.7
191 7 -55.5 1.7
185 7 -55.5 1.7
184 7 -55.0 1.7
184 7 -55.0 1.7
184 7 -55.0 1.7
180 7 -55.0 1.7
184 7 -55.0 1.7
187 7 -55.0 1.7
184 7 -55.0 1.7
184 7 -55.0 1.7
187 7 -55.0 1.7
187 7 -55.0 1.7
179 7 -54.5 1.6
182 7 -54.5 1.6
185 7 -54.5 1.6
182 7 -54.5 1.6
179 7 -54.5 1.6
182 7 -54.5 1.6
185 7 -54.5 1.6
182 7 -54.5 1.6
185 7 -54.5 1.6
188 7 -54.5 1.6
185 7 -54.5 1.6
184 7 -55.0 1.7
179 7 -54.5 1.6
182 7 -54.5 1.6
179 7 -54.5 1.6
182 7 -54.5 1.6
184 7 -55.0 1.7
179 7 -54.5 1.6
185 7 -54.5 1.6
185 7 -54.5 1.6
182 7 -54.5 1.6
179 7 -54.5 1.6
179 7 -54.5 1.6
233 7 -49.0 1.5
296 5 -28.5 0.9
320 4 -4.50 0.14
342 5 14.5 0.4
351 7 29.5 0.9
352 8 43.5 1.3
368 10 55.5 1.7
396 12 72.5 2.2
390 13 84 3
408 15 94 3
456 18 116 3
486 20 136 4
496 23 153 5
506 24 166 5
530 30 180 5
550 30 196 6
550 30 209 6
560 30 218 7
570 30 228 7
580 30 239 7
590 40 249 7
590 40 255 8
610 40 264 8
630 40 274 8
640 40 285 9
650 40 295 9
670 40 303 9
690 40 314 9
710 50 326 10
750 50 342 10
770 50 356 11
800 50 371 11
830 60 387 12
860 60 402 12
890 60 417 12
920 60 434 13
990 60 455 14
1060 70 480 14
1060 70 497 15
1080 70 509 15
1110 70 522 16
1180 80 542 16
1220 80 559 17
1280 80 578 17
1380 90 601 18
1460 90 626 19
1570 90 655 20
1700 100 686 21
1840 100 720 22
2000 110 754 23
2180 120 792 24
2410 120 832 25
2590 130 870 30
2800 130 900 30
2980 140 930 30
3030 140 940 30
3060 140 950 30
3070 140 950 30
3090 140 950 30
3080 140 960 30
3090 140 960 30
3090 140 960 30
3090 140 960 30
3080 140 960 30
3080 140 960 30
3090 140 960 30
3090 140 960 30
3090 140 960 30
3090 140 960 30
3090 140 960 30
3080 140 960 30
3090 140 960 30
3090 140 960 30
3090 140 960 30
3090 140 960 30
3090 140 960 30
3090 140 960 30
3100 140 960 30
3090 140 960 30
3100 140 960 30
3090 140 960 30
3090 140 960 30
3090 140 960 30
3100 140 960 30
3090 140 960 30
3090 140 960 30
3090 140 960 30
3100 140 960 30
3090 140 960 30
-2940 140 -930 30
-2950 140 -930 30
-2940 140 -930 30
-2940 140 -930 30
-2940 140 -930 30
-2940 140 -930 30
-2940 140 -930 30
-2940 140 -930 30
-2940 140 -930 30
-2940 140 -930 30
-2940 140 -930 30
-2940 140 -930 30
-2940 140 -930 30
-2940 140 -930 30
-2940 140 -930 30
-2940 140 -930 30
-2940 140 -930 30
-2940 140 -930 30
-2940 140 -930 30
-2950 140 -930 30
-2940 140 -930 30
-2940 140 -930 30
-2940 140 -930 30
-2940 140 -930 30
-2940 140 -930 30
-2940 140 -930 30
-2940 140 -930 30
-2940 140 -930 30
-2940 140 -930 30
-2940 140 -930 30
-2940 140 -930 30
-2940 140 -930 30
-2940 140 -930 30
-2940 140 -930 30
-2940 140 -930 30
-2950 140 -930 30
-2940 140 -930 30
-2940 140 -930 30
-2940 140 -930 30
-2940 140 -930 30
-2940 140 -930 30
-2940 140 -930 30
-2940 140 -930 30
-2940 140 -930 30
-2940 140 -930 30
-2940 140 -930 30
-2950 140 -930 30
-2940 140 -930 30
-2940 140 -930 30
-2940 140 -930 30
-2940 140 -930 30
-2940 140 -930 30
-2940 140 -930 30
-2950 140 -930 30
-2950 140 -930 30
-2970 140 -930 30
-3010 140 -930 30
-3040 140 -930 30
-3070 140 -940 30
-3090 140 -940 30
-3110 140 -940 30
-3120 140 -940 30
-3120 140 -950 30
-3120 140 -950 30
-3130 140 -950 30
-3130 140 -950 30
-3120 140 -950 30
-3130 140 -950 30
-3130 140 -950 30
-3130 140 -950 30
-3130 140 -950 30
-3130 140 -950 30
-3130 140 -950 30
-3130 140 -950 30
-3120 140 -950 30
-3130 140 -950 30
-3120 140 -950 30
-3130 140 -950 30
-3130 140 -950 30
-3120 140 -950 30
-3130 140 -950 30
-3130 140 -950 30
-3120 140 -950 30
-3130 140 -950 30
-3130 140 -950 30
-3130 140 -950 30
-3130 140 -950 30
-3130 140 -950 30
-3130 140 -950 30
-3130 140 -950 30
-3130 140 -950 30
-3010 140 -940 30
-2840 140 -930 30
-2680 140 -920 30
-2540 130 -910 30
-2420 130 -900 30
-2310 130 -900 30
-2240 130 -890 30
-2160 130 -880 30
-2060 120 -870 30
-2020 120 -860 30
-1950 120 -860 30
-1870 120 -850 30
-1810 120 -840 30
-1730 120 -826 25
-1670 120 -816 24
-1600 110 -805 24
-1570 110 -796 24
-1520 110 -787 24
-1470 110 -779 23
-1390 110 -766 23
-1330 110 -754 23
-1250 100 -739 22
-1200 100 -725 22
-1130 100 -710 21
-1080 100 -698 21
-1020 100 -683 20
-950 90 -666 20
-900 90 -650 19
-830 90 -633 19
-740 80 -613 18
-670 80 -593 18
-590 80 -568 17
-510 70 -542 16
-420 70 -513 15
-330 70 -483 14
-260 60 -453 14
-200 60 -423 13
-120 50 -391 12
-80 50 -361 11
-30 40 -331 10
0 40 -304 9
30 40 -278 8
60 30 -255 8
100 30 -227 7
130 30 -197 6
184 22 -163 5
214 17 -131 4
236 13 -100 3
250 10 -75.0 2.3
215 9 -65.5 2.0
200 8 -61.0 1.8
194 8 -59.0 1.8
192 8 -57.5 1.7
185 8 -56.5 1.7
187 7 -56.0 1.7
191 7 -55.5 1.7
185 7 -55.5 1.7
184 7 -55.0 1.7
184 7 -55.0 1.7
184 7 -55.0 1.7
180 7 -55.0 1.7
184 7 -55.0 1.7
187 7 -55.0 1.7
184 7 -55.0 1.7
184 7 -55.0 1.7
187 7 -55.0 1.7
187 7 -55.0 1.7
179 7 -54.5 1.6
182 7 -54.5 1.6
185 7 -54.5 1.6
182 7 -54.5 1.6
179 7 -54.5 1.6
182 7 -54.5 1.6
185 7 -54.5 1.6
182 7 -54.5 1.6
185 7 -54.5 1.6
188 7 -54.5 1.6
185 7 -54.5 1.6
184 7 -55.0 1.7
179 7 -54.5 1.6
182 7 -54.5 1.6
179 7 -54.5 1.6
182 7 -54.5 1.6
184 7 -55.0 1.7
179 7 -54.5 1.6
185 7 -54.5 1.6
185 7 -54.5 1.6
182 7 -54.5 1.6
179 7 -54.5 1.6
179 7 -54.5 1.6
233 7 -49.0 1.5
296 5 -28.5 0.9
320 4 -4.50 0.14
342 5 14.5 0.4
351 7 29.5 0.9
352 8 43.5 1.3
368 10 55.5 1.7
396 12 72.5 2.2
390 13 84 3
408 15 94 3
456 18 116 3
486 20 136 4
496 23 153 5
506 24 166 5
530 30 180 5
550 30 196 6
550 30 209 6
560 30 218 7
570 30 228 7
580 30 239 7
590 40 249 7
590 40 255 8
610 40 264 8
630 40 274 8
640 40 285 9
650 40 295 9
670 40 303 9
690 40 314 9
710 50 326 10
750 50 342 10
770 50 356 11
800 50 371 11
830 60 387 12
860 60 402 12
890 60 417 12
920 60 434 13
990 60 455 14
1060 70 480 14
1060 70 497 15
1080 70 509 15
1110 70 522 16
1180 80 542 16
1220 80 559 17
1280 80 578 17
1380 90 601 18
1460 90 626 19
1570 90 655 20
1700 100 686 21
1840 100 720 22
2000 110 754 23
2180 120 792 24
2410 120 832 25
2590 130 870 30
2800 130 900 30
2980 140 930 30
3030 140 940 30
3060 140 950 30
3070 140 950 30
3090 140 950 30
3080 140 960 30
3090 140 960 30
3090 140 960 30
3090 140 960 30
3080 140 960 30
3080 140 960 30
3090 140 960 30
3090 140 960 30
3090 140 960 30
3090 140 960 30
3090 140 960 30
3080 140 960 30
3090 140 960 30
3090 140 960 30
3090 140 960 30
3090 140 960 30
3090 140 960 30
3090 140 960 30
3100 140 960 30
3090 140 960 30
3100 140 960 30
3090 140 960 30
3090 140 960 30
3090 140 960 30
3100 140 960 30
3090 140 960 30
3090 140 960 30
3090 140 960 30
3100 140 960 30
3090 140 960 30
3100 140 960 30
3090 140 960 30
3090 140 960 30
3100 140 960 30
3090 140 960 30
3100 140 960 30
3090 140 960 30
3100 140 960 30
3090 140 960 30
3090 140 960 30
3100 140 960 30
3100 140 960 30
3100 140 960 30
3100 140 960 30
3090 140 960 30
3100 140 960 30
3090 140 960 30
3100 140 960 30
3100 140 960 30
3090 140 960 30
3100 140 960 30
3090 140 960 30
3100 140 960 30
3100 140 960 30
3090 140 960 30
3090 140 960 30
3100 140 960 30
3090 140 960 30
3090 140 960 30
3100 140 960 30
3090 140 960 30
3090 140 960 30
3090 140 960 30
3090 140 960 30
3090 140 960 30
3100 140 960 30
3100 140 960 30
3100 140 960 30
3090 140 960 30
3090 140 960 30
3090 140 960 30
3100 140 960 30
3090 140 960 30
3090 140 960 30
3090 140 960 30
3090 140 960 30
3090 140 960 30
3090 140 960 30
3100 140 960 30
3100 140 960 30
3090 140 960 30
3090 140 960 30
3090 140 960 30
3090 140 960 30
2980 140 950 30
2980 140 950 30
2920 140 950 30
2740 140 940 30
2520 140 930 30
2320 130 910 30
2230 130 900 30
2200 130 900 30
2160 130 890 30
2140 130 890 30
2110 130 890 30
2060 130 880 30
1950 120 870 30
1910 120 860 30
1860 120 860 30
1790 120 850 30
1730 120 840 30
1720 120 840 30
1710 120 833 25
1680 120 829 25
1590 120 820 25
1500 110 805 24
1460 110 795 24
1370 110 781 23
1280 110 765 23
1240 110 753 23
1220 100 744 22
1200 100 739 22
1180 100 732 22
1130 100 724 22
1060 100 712 21
1030 100 701 21
1000 100 691 21
970 100 683 20
940 90 675 20
890 90 665 20
870 90 656 20
810 90 643 19
720 90 625 19
630 80 602 18
580 80 584 18
540 80 568 17
500 80 553 17
450 70 536 16
400 70 518 16
350 70 500 15
290 70 481 14
230 60 458 14
170 60 433 13
100 50 404 12
50 50 373 11
-10 50 341 10
-50 40 311 9
-90 40 280 8
-120 30 249 7
-160 30 220 7
-190 30 192 6
-227 21 161 5
-263 17 127 4
-295 13 95 3
-264 11 79.0 2.4
-244 10 73.0 2.2
-230 9 70.0 2.1
-229 9 68.5 2.1
-228 9 67.5 2.0
-227 9 67.0 2.0
-222 9 66.5 2.0
-222 9 66.5 2.0
-220 9 66.0 2.0
-220 9 66.0 2.0
-227 9 66.0 2.0
-219 9 65.5 2.0
-219 9 65.5 2.0
-219 9 65.5 2.0
-215 9 65.5 2.0
-215 9 65.5 2.0
-219 9 65.5 2.0
-215 9 65.5 2.0
-219 9 65.5 2.0
-215 9 65.5 2.0
-222 9 65.5 2.0
-219 9 65.5 2.0
-219 9 65.5 2.0
-219 9 65.5 2.0
-219 9 65.5 2.0
-219 9 65.5 2.0
-219 9 65.5 2.0
-219 9 65.5 2.0
-219 9 65.5 2.0
-219 9 65.5 2.0
-214 9 66.0 2.0
-215 9 65.5 2.0
-219 9 65.5 2.0
-219 9 65.5 2.0
-222 9 65.5 2.0
-219 9 65.5 2.0
-222 9 65.5 2.0
-219 9 65.5 2.0
-219 9 65.5 2.0
-263 8 61.0 1.8
-300 7 49.5 1.5
-337 5 28.5 0.9
-348 4 9.0 0.3
-377 5 -9.5 0.3
-404 7 -31.5 0.9
-432 10 -51.5 1.5
-465 13 -74.5 2.2
-476 15 -94 3
-487 17 -110 3
-505 19 -123 4
-486 20 -132 4
-489 21 -137 4
-552 23 -155 5
-600 30 -180 5
-620 30 -200 6
-650 30 -220 7
-670 30 -239 7
-710 40 -261 8
-760 40 -286 9
-800 40 -310 9
-840 50 -332 10
-870 50 -356 11
-900 50 -376 11
-900 60 -390 12
-910 60 -403 12
-960 60 -418 13
-980 60 -436 13
-1060 70 -459 14
-1120 70 -482 14
-1210 70 -510 15
-1290 80 -538 16
-1370 80 -566 17
-1460 90 -594 18
-1570 90 -627 19
-1680 100 -658 20
-1860 100 -696 21
-1980 110 -732 22
-1980 110 -752 23
-1950 110 -759 23
-1930 110 -762 23
-1930 110 -763 23
-1930 110 -764 23
-1950 110 -765 23
-2010 110 -771 23
-2130 110 -786 24
-2250 120 -806 24
-2340 120 -824 25
-2430 120 -840 30
-2610 130 -860 30
-2760 130 -890 30
-2950 140 -910 30
-3050 140 -930 30
-3090 140 -940 30
-3100 140 -940 30
-3110 140 -940 30
-3110 140 -940 30
-3110 140 -940 30
-3120 140 -940 30
-3120 140 -940 30
-3120 140 -940 30
-3120 140 -940 30
-3120 140 -950 30
-3120 140 -950 30
-3120 140 -950 30
-3120 140 -950 30
-3120 140 -950 30
-3120 140 -950 30
-3120 140 -950 30
-3120 140 -950 30
-3120 140 -950 30
-3120 140 -950 30
-3120 140 -950 30
-3120 140 -950 30
-3120 140 -950 30
-3120 140 -950 30
-3120 140 -950 30
-3120 140 -950 30
-3120 140 -950 30
-3120 140 -950 30
-3120 140 -950 30
-3130 140 -950 30
-3120 140 -950 30
-2850 140 -930 30
-2580 130 -920 30
-2330 130 -900 30
-2170 130 -880 30
-2060 120 -870 30
-1940 120 -860 30
-1800 120 -840 30
-1640 120 -819 25
-1470 110 -793 24
-1310 110 -765 23
-1140 100 -730 22
-950 100 -691 21
-780 90 -647 19
-640 80 -604 18
-510 80 -562 17
-410 70 -524 16
-330 70 -489 15
-240 60 -454 14
-130 60 -407 12
-40 50 -358 11
30 40 -311 9
50 40 -275 8
160 30 -220 7
216 21 -160 5
229 17 -127 4
257 12 -94 3
240 10 -72.0 2.2
214 9 -64.0 1.9
200 8 -60.0 1.8
200 8 -58.0 1.7
195 8 -56.5 1.7
182 7 -55.5 1.7
187 7 -55.0 1.7
182 7 -54.5 1.6
180 7 -54.0 1.6
177 7 -54.0 1.6
180 7 -54.0 1.6
180 7 -54.0 1.6
180 7 -54.0 1.6
180 7 -54.0 1.6
180 7 -54.0 1.6
179 7 -53.5 1.6
180 7 -54.0 1.6
182 7 -53.5 1.6
175 7 -53.5 1.6
172 7 -53.5 1.6
180 7 -54.0 1.6
311 5 -31.0 0.9
364 5 5.00 0.15
431 9 49.0 1.5
490 15 92 3
531 19 126 4
540 23 154 5
580 30 179 5
630 30 209 6
720 40 249 7
750 40 286 9
770 40 311 9
830 50 338 10
940 50 379 11
1010 60 417 12
1090 70 453 14
1230 70 498 15
1350 80 543 16
1470 80 589 18
1590 90 630 19
1720 100 671 20
1850 100 711 21
1840 110 734 22
1800 110 744 22
1790 110 748 22
1780 110 750 23
1780 110 751 23
1810 110 753 23
1890 110 761 23
2020 110 780 23
2080 120 795 24
2210 120 814 24
2370 120 840 30
2500 130 860 30
2610 130 880 30
2720 130 900 30
2890 140 920 30
3020 140 940 30
3050 140 950 30
3060 140 950 30
3080 140 950 30
3080 140 960 30
3080 140 960 30
3090 140 960 30
3080 140 960 30
3090 140 960 30
3090 140 960 30
3090 140 960 30
3090 140 960 30
3090 140 960 30
3090 140 960 30
3090 140 960 30
3090 140 960 30
3090 140 960 30
3090 140 960 30
3100 140 960 30
3090 140 960 30
3080 140 960 30
3090 140 960 30
3090 140 960 30
3090 140 960 30
3090 140 960 30
3090 140 960 30
3090 140 960 30
3090 140 960 30
3090 140 960 30
3090 140 960 30
3090 140 960 30
3100 140 960 30
3090 140 960 30
3090 140 960 30
3090 140 960 30
3100 140 960 30
3100 140 960 30
3090 140 960 30
3090 140 960 30
3090 140 960 30
3090 140 960 30
3090 140 960 30
3090 140 960 30
3090 140 960 30
3100 140 960 30
3100 140 960 30
3080 140 960 30
2930 140 950 30
2830 140 950 30
2740 140 940 30
2610 140 930 30
2470 130 920 30
2300 130 910 30
2140 130 900 30
1970 130 880 30
1810 120 860 30
1700 120 840 30
1550 120 821 25
1440 110 800 24
1350 110 782 23
1290 110 766 23
1200 100 749 22
1090 100 728 22
960 100 700 21
840 90 672 20
770 90 646 19
670 90 620 19
580 80 592 18
470 80 562 17
370 70 528 16
280 70 493 15
200 60 458 14
110 60 421 13
40 50 384 12
-10 50 346 10
-70 40 307 9
-110 40 270 8
-160 30 233 7
-200 30 194 6
-248 21 156 5
-282 16 119 4
-296 12 91 3
-262 10 77.5 2.3
-242 10 72.5 2.2
-237 9 70.0 2.1
-229 9 68.5 2.1
-227 9 67.0 2.0
-222 9 66.5 2.0
-217 9 66.0 2.0
-220 9 66.0 2.0
-219 9 65.5 2.0
-222 9 65.5 2.0
-219 9 65.5 2.0
-215 9 65.5 2.0
-215 9 65.5 2.0
-217 9 65.0 2.0
-214 9 65.0 2.0
-215 9 65.5 2.0
-217 9 65.0 2.0
-217 9 65.0 2.0
-217 9 65.0 2.0
-220 9 65.0 2.0
-217 9 65.0 2.0
-217 9 65.0 2.0
-217 9 65.0 2.0
-217 9 65.0 2.0
-220 9 65.0 2.0
-217 9 65.0 2.0
-220 9 65.0 2.0
-249 8 62.5 1.9
-296 7 50.0 1.5
-336 5 31.0 0.9
-354 5 10.0 0.3
-391 6 -11.0 0.3
-437 9 -40.5 1.2
-483 12 -71.0 2.1
-532 17 -106 3
-565 21 -134 4
-601 24 -161 5
-650 30 -191 6
-700 30 -223 7
-740 40 -252 8
-810 40 -288 9
-880 50 -323 10
-930 50 -355 11
-950 50 -381 11
-970 60 -403 12
-1050 60 -429 13
-1170 70 -470 14
-1240 70 -504 15
-1280 80 -530 16
-1320 80 -554 17
-1400 80 -580 17
-1490 90 -608 18
-1590 90 -636 19
-1670 100 -664 20
-1750 100 -688 21
-1850 100 -712 21
-1980 110 -739 22
-2100 110 -767 23
-2250 120 -795 24
-2410 120 -825 25
-2610 130 -860 30
-2720 130 -880 30
-2820 130 -900 30
-2940 140 -910 30
-3020 140 -930 30
-3070 140 -940 30
-3090 140 -940 30
-3100 140 -940 30
-3110 140 -940 30
-3110 140 -940 30
-3110 140 -940 30
-3110 140 -940 30
-3110 140 -940 30
-3110 140 -940 30
-3120 140 -940 30
-3110 140 -940 30
-3120 140 -940 30
-3120 140 -940 30
-3120 140 -940 30
-3120 140 -940 30
-3120 140 -940 30
-3120 140 -950 30
-3130 140 -940 30
-3110 140 -950 30
-3120 140 -950 30
-3120 140 -950 30
-3030 140 -940 30
-2820 140 -930 30
-2620 130 -920 30
-2370 130 -900 30
-2150 130 -880 30
-1950 120 -860 30
-1750 120 -840 30
-1570 110 -812 24
-1360 110 -780 23
-1280 110 -754 23
-1190 100 -733 22
-1090 100 -709 21
-990 100 -686 21
-910 90 -662 20
-860 90 -644 19
-810 90 -627 19
-740 80 -609 18
-680 80 -590 18
-580 80 -566 17
-490 70 -540 16
-390 70 -508 15
-300 60 -472 14
-200 60 -433 13
-130 50 -395 12
-50 50 -354 11
40 40 -305 9
100 30 -253 8
170 30 -199 6
219 20 -151 5
255 14 -110 3
259 11 -80.5 2.4
227 9 -67.0 2.0
202 8 -61.5 1.8
192 8 -58.5 1.8
190 8 -57.0 1.7
187 7 -56.0 1.7
187 7 -55.0 1.7
185 7 -54.5 1.6
182 7 -54.5 1.6
177 7 -54.0 1.6
180 7 -54.0 1.6
183 7 -54.0 1.6
179 7 -53.5 1.6
172 7 -53.5 1.6
175 7 -53.5 1.6
175 7 -53.5 1.6
179 7 -53.5 1.6
179 7 -53.5 1.6
179 7 -53.5 1.6
179 7 -53.5 1.6
179 7 -53.5 1.6
179 7 -53.5 1.6
177 7 -54.0 1.6
179 7 -53.5 1.6
182 7 -53.5 1.6
182 7 -53.5 1.6
175 7 -53.5 1.6
172 7 -53.5 1.6
179 7 -53.5 1.6
179 7 -53.5 1.6
179 7 -53.5 1.6
179 7 -53.5 1.6
223 7 -49.0 1.5
268 5 -36.0 1.1
307 4 -17.5 0.5
331 4 4.50 0.14
382 7 34.5 1.0
406 11 62.0 1.9
448 14 90 3
510 19 123 4
565 24 159 5
590 30 186 6
620 30 213 6
670 40 241 7
720 40 272 8
740 40 296 9
780 50 320 10
850 50 348 10
940 60 386 12
1030 60 424 13
1110 70 463 14
1190 70 500 15
1270 80 534 16
1370 80 570 17
1500 90 610 18
1680 90 655 20
1890 100 706 21
2120 110 758 23
2320 120 807 24
2510 120 850 30
2720 130 880 30
2930 140 920 30
3010 140 940 30
3040 140 950 30
3070 140 950 30
3070 140 960 30
3080 140 960 30
3080 140 960 30
3090 140 960 30
3090 140 960 30
3090 140 960 30
3090 140 960 30
3090 140 960 30
3090 140 960 30
3090 140 960 30
3080 140 960 30
3090 140 960 30
3090 140 960 30
3090 140 960 30
3090 140 960 30
3090 140 960 30
3090 140 960 30
3090 140 960 30
3090 140 960 30
3090 140 960 30
3090 140 960 30
3090 140 960 30
3090 140 960 30
3090 140 960 30
3090 140 960 30
3090 140 960 30
3090 140 960 30
3090 140 960 30
3070 140 960 30
3070 140 960 30
3070 140 960 30
3070 140 960 30
3070 140 960 30
3070 140 960 30
3070 140 960 30
3070 140 960 30
3080 140 960 30
3080 140 960 30
3070 140 960 30
3080 140 960 30
3070 140 960 30
3070 140 960 30
3070 140 960 30
3070 140 960 30
3080 140 960 30
3080 140 960 30
3080 140 960 30
3080 140 960 30
3070 140 960 30
3070 140 960 30
3070 140 960 30
3070 140 960 30
3070 140 960 30
3080 140 960 30
3070 140 960 30
2940 140 950 30
2720 140 940 30
2530 140 930 30
2300 130 910 30
2070 130 890 30
1870 120 870 30
1690 120 850 30
1540 120 821 25
1400 110 797 24
1260 110 771 23
1160 100 745 22
1030 100 719 22
950 100 694 21
860 90 670 20
770 90 645 19
670 90 620 19
610 80 597 18
520 80 571 17
450 70 544 16
340 70 513 15
250 70 480 14
150 60 440 13
90 50 405 12
-0 50 360 11
-90 40 309 9
-140 30 261 8
-220 30 207 6
-270 20 155 5
-297 15 115 3
-292 12 88 3
-255 10 76.5 2.3
-239 10 71.5 2.1
-230 9 69.0 2.1
-225 9 67.5 2.0
-225 9 66.5 2.0
-219 9 65.5 2.0
-219 9 65.5 2.0
-217 9 65.0 2.0
-217 9 65.0 2.0
-214 9 65.0 2.0
-215 9 64.5 1.9
-212 9 64.5 1.9
-215 9 64.5 1.9
-212 9 64.5 1.9
-215 9 64.5 1.9
-215 9 64.5 1.9
-215 9 64.5 1.9
-215 9 64.5 1.9
-215 9 64.5 1.9
-214 9 64.0 1.9
-212 9 64.5 1.9
-214 9 64.0 1.9
-214 9 64.0 1.9
-215 9 64.5 1.9
-215 9 64.5 1.9
-214 9 64.0 1.9
-214 9 64.0 1.9
-218 9 64.5 1.9
-221 9 64.5 1.9
-217 9 64.0 1.9
-210 9 64.0 1.9
-215 9 64.5 1.9
-215 9 64.5 1.9
-214 9 64.0 1.9
-218 9 64.5 1.9
-221 9 64.5 1.9
-214 9 64.0 1.9
-214 9 64.0 1.9
-217 9 64.0 1.9
-215 9 64.5 1.9
-214 9 64.0 1.9
-214 9 64.0 1.9
-215 9 64.5 1.9
-214 9 64.0 1.9
-214 9 64.0 1.9
-218 9 64.5 1.9
-215 9 64.5 1.9
-214 9 64.0 1.9
-215 9 64.5 1.9
-214 9 64.0 1.9
-215 9 64.5 1.9
-221 9 64.5 1.9
-214 9 64.0 1.9
