92.92307692307691979750 
314.61538461538464162004
525.38461538461535837996
40.30769230769230659917 
96.92307692307691979750 
115.30769230769230659917
109.30769230769230659917
227.38461538461535837996
2.53846153846153832490
11.69230769230769162448 
9.76923076923076827427
8.38461538461538324896
17.00000000000000000000


46.02523462853017122143
271.53051857980875638532 
1606.07038880593154317467
19.27974555420406943540
184.64828346300384964707
157.30422410382414000196 
214.99670136372557749382 
363.74688906813611311009 
17.02801288836628046397
5.01993156280110497391
3.82064366580785552685
3.26949716443882465455
6.86040004353947630023