0.00000000000000001636 0 0 0
0.00000000000000000578 0 0 0
0.00000000000000028690 0 0 0
0.00000000000000004627 0 0 0
0.00000000000000002638 0 0 0
0.00000000000000001063 0 0 0
0.00000000000000010426 0 0 0
0.00000000000000010483 0 0 0
0.00000000000000000578 0 0 0
0.00000000000000008501 0 0 0
0.00000000000000022409 0 0 0
0.00000000000000028768 0 0 0
0.00000000000000021100 0 0 0
0.00000000000000008501 0 0 0
0.00000000000000005521 0 0 0
0.00000000000000002117 0 0 0
0.00000000000000000808 0 0 0
0.00000000000000019492 0 0 0
0.00000000000000065967 0 0 0
0.00000000000000110169 0 0 0
0.00000000000000008452 0 0 0
0.00000000000000020328 0 0 0
0.00000000000000024181 0 0 0
0.00000000000000022916 0 0 0
0.00000000000000047684 0 0 0
0.00000000000000000539 0 0 0
0.00000000000000002449 0 0 0
0.00000000000000002053 0 0 0
0.00000000000000001765 0 0 0
0.00000000000000003564 0 0 0