T[°C]	err_T[°C]	U_spiegel[mV]	err_U_spiegel[mV]	U_matt[mV]	err_U_matt[mV]	U_weiß[mV]	err_U_weiß[mV]	U_schwarz[mV]	err_U_schwarz[mV]
25	1	1.2	0.1	1.4	0.1	4.4	0.1	4.3	0.1
30	1	1.9	0.1	2.6	0.1	9.3	0.1	9	0.1
35	1	2.2	0.1	3.5	0.1	14.4	0.1	14	0.1
40	1	2.9	0.1	4.5	0.1	19.6	0.1	19.5	0.1
50	1	4.1	0.1	7	0.1	30.4	0.1	30.1	0.1
55	1	5.4	0.1	8.4	0.1	38.1	0.1	37.5	0.1
60	1	6.6	0.1	9.6	0.1	44.3	0.1	43.2	0.1
70	1	7.9	0.1	12.9	0.1	57.3	0.1	57.5	0.1
80	1	9.8	0.1	15.8	0.1	71.1	0.1	71	0.1
90	1	12.6	0.1	19.4	0.1	87.2	0.1	86.9	0.1
