<<<<<<< HEAD
#s[cm]	err_s[cm]	U[V]	err_U[V]
16.0 1.0 1.6350 0.0010
20.0 1.0 0.9710 0.0010
25.0 1.0 0.5260 0.0010
30.0 1.0 0.2950 0.0010
35.0 1.0 0.1820 0.0010
40.0 1.0 0.1220 0.0010
50.0 1.0 0.0660 0.0010
=======
#s[cm]	err_s[cm]	U[V]	err_U[V]	U0	err_U_0
16.0 1.0 1.6350 0.0010 0.00200 0.00005
20.0 1.0 0.9710 0.0010 0.00200 0.00005
25.0 1.0 0.5260 0.0010 0.00200 0.00005
30.0 1.0 0.2950 0.0010 0.00200 0.00005
35.0 1.0 0.1820 0.0010 0.00200 0.00005
40.0 1.0 0.1220 0.0010 0.00200 0.00005
50.0 1.0 0.0660 0.0010 0.00200 0.00005
>>>>>>> 11968e3a2529a4d64e0ec5c40a2ae66c0b6ad62b
