#U_Nt[V]	err_U_Nt[V]	I_Nt[A]	err_I_Nt[A]	U_MM[V]	err_U_MM[V]	T_0[K]	err_T_0[K]	R_0[Ohm]	err_R_0[Ohm]	U0	err_U0
12.0	0.05	4.20	0.03	1.606	0.005	297.2	2.0	0.55	0.05	1.8e-3	0.05e-3
11.0	0.05	4.00	0.03	1.419	0.005	297.2	2.0	0.55	0.05	1.8e-3	0.05e-3
9.7	0.05	3.75	0.03	1.170	0.005	297.2	2.0	0.55	0.05	1.8e-3	0.05e-3
8.7	0.05	3.50	0.03	1.024	0.005	297.2	2.0	0.55	0.05	1.8e-3	0.05e-3
6.6	0.05	3.00	0.03	0.680	0.005	297.2	2.0	0.55	0.05	1.8e-3	0.05e-3
4.8	0.05	2.50	0.03	0.433	0.005	297.2	2.0	0.55	0.05	1.8e-3	0.05e-3
3.3	0.05	2.00	0.03	0.234	0.005	297.2	2.0	0.55	0.05	1.8e-3	0.05e-3
1.9	0.05	1.50	0.03	0.101	0.005	297.2	2.0	0.55	0.05	1.8e-3	0.05e-3
0.7	0.05	1.00	0.03	0.043	0.005	297.2	2.0	0.55	0.05	1.8e-3	0.05e-3
