#T_0[K] err_T_0[K] R_0[Ohm] err_R_0[Ohm] R[Ohm] err_R[Ohm] Phi/A [W] err_Phi/A [W]
297.2 2.0 0.55 0.05 2.85714 0.02363 534.73333 1.66675
297.2 2.0 0.55 0.05 2.75 0.02412 472.4 1.66675
297.2 2.0 0.55 0.05 2.58667 0.02462 389.4 1.66675
297.2 2.0 0.55 0.05 2.48571 0.02565 340.73333 1.66675
297.2 2.0 0.55 0.05 2.2 0.0276 226.06667 1.66675
297.2 2.0 0.55 0.05 1.92 0.03051 143.73333 1.66675
297.2 2.0 0.55 0.05 1.65 0.03518 77.4 1.66675
297.2 2.0 0.55 0.05 1.26667 0.04187 33.06667 1.66675
297.2 2.0 0.55 0.05 0.7 0.05423 13.73333 1.66675
