#t[s] err_t[s] I[A] err_I[A] B[mT] err_B[mT] l_Fe[mm] err_l_Fe[mm] d[mm] err_d[mm]
0 0 0.0015 1.5E-05 0.5 0.015 477 4 2 0.05
0.1 0 0.0015 1.5E-05 0 0 477 4 2 0.05
0.2 0 0 0 0 0 477 4 2 0.05
0.3 0 0 0 0 0 477 4 2 0.05
0.4 0 0 0 0 0 477 4 2 0.05
0.5 0 0.003 3E-05 0 0 477 4 2 0.05
0.6 0 0 0 0 0 477 4 2 0.05
0.7 0 0 0 0 0 477 4 2 0.05
0.8 0 0 0 0.5 0.015 477 4 2 0.05
0.9 0 0 0 0 0 477 4 2 0.05
1 0 -0.0015 -1.5E-05 0 0 477 4 2 0.05
1.1 0 0.0015 1.5E-05 0 0 477 4 2 0.05
1.2 0 0 0 0 0 477 4 2 0.05
1.3 0 0 0 0 0 477 4 2 0.05
1.4 0 0.0015 1.5E-05 0 0 477 4 2 0.05
1.5 0 0 0 0 0 477 4 2 0.05
1.6 0 0 0 0 0 477 4 2 0.05
1.7 0 0 0 0.5 0.015 477 4 2 0.05
1.8 0 0 0 0 0 477 4 2 0.05
1.9 0 -0.0135 -0.000135 -1 -0.03 477 4 2 0.05
2 0 -0.0675 -0.000675 -10 -0.3 477 4 2 0.05
2.1 0 -0.126 -0.00126 -22 -0.66 477 4 2 0.05
2.2 0 -0.1815 -0.001815 -36.5 -1.095 477 4 2 0.05
2.3 0 -0.231 -0.00231 -53 -1.59 477 4 2 0.05
2.4 0 -0.2505 -0.002505 -62.5 -1.875 477 4 2 0.05
2.5 0 -0.2625 -0.002625 -67.5 -2.025 477 4 2 0.05
2.6 0 -0.2925 -0.002925 -76.5 -2.295 477 4 2 0.05
2.7 0 -0.327 -0.00327 -89.5 -2.685 477 4 2 0.05
2.8 0 -0.36 -0.0036 -104 -3.12 477 4 2 0.05
2.9 0 -0.387 -0.00387 -117 -3.51 477 4 2 0.05
3 0 -0.408 -0.00408 -128 -3.84 477 4 2 0.05
3.1 0 -0.4275 -0.004275 -137.5 -4.125 477 4 2 0.05
3.2 0 -0.4575 -0.004575 -149.5 -4.485 477 4 2 0.05
3.3 0 -0.486 -0.00486 -163.5 -4.905 477 4 2 0.05
3.4 0 -0.5085 -0.005085 -175 -5.25 477 4 2 0.05
3.5 0 -0.5205 -0.005205 -182 -5.46 477 4 2 0.05
3.6 0 -0.5445 -0.005445 -192 -5.76 477 4 2 0.05
3.7 0 -0.5835 -0.005835 -206 -6.18 477 4 2 0.05
3.8 0 -0.624 -0.00624 -223.5 -6.705 477 4 2 0.05
3.9 0 -0.642 -0.00642 -236 -7.08 477 4 2 0.05
4 0 -0.66 -0.0066 -244.5 -7.335 477 4 2 0.05
4.1 0 -0.6825 -0.006825 -253.5 -7.605 477 4 2 0.05
4.2 0 -0.7125 -0.007125 -266 -7.98 477 4 2 0.05
4.3 0 -0.7275 -0.007275 -274.5 -8.235 477 4 2 0.05
4.4 0 -0.7425 -0.007425 -283 -8.49 477 4 2 0.05
4.5 0 -0.765 -0.00765 -292 -8.76 477 4 2 0.05
4.6 0 -0.7995 -0.007995 -305 -9.15 477 4 2 0.05
4.7 0 -0.8295 -0.008295 -317.5 -9.525 477 4 2 0.05
4.8 0 -0.8565 -0.008565 -329.5 -9.885 477 4 2 0.05
4.9 0 -0.882 -0.00882 -340.5 -10.215 477 4 2 0.05
5 0 -0.8985 -0.008985 -349.5 -10.485 477 4 2 0.05
5.1 0 -0.9165 -0.009165 -358 -10.74 477 4 2 0.05
5.2 0 -0.948 -0.00948 -370 -11.1 477 4 2 0.05
5.3 0 -0.9675 -0.009675 -379 -11.37 477 4 2 0.05
5.4 0 -0.987 -0.00987 -387 -11.61 477 4 2 0.05
5.5 0 -1.0125 -0.010125 -397 -11.91 477 4 2 0.05
5.6 0 -1.041 -0.01041 -408 -12.24 477 4 2 0.05
5.7 0 -1.0635 -0.010635 -418 -12.54 477 4 2 0.05
5.8 0 -1.0935 -0.010935 -428.5 -12.855 477 4 2 0.05
5.9 0 -1.1145 -0.011145 -438 -13.14 477 4 2 0.05
6 0 -1.131 -0.01131 -446 -13.38 477 4 2 0.05
6.1 0 -1.155 -0.01155 -454.5 -13.635 477 4 2 0.05
6.2 0 -1.1655 -0.011655 -460.5 -13.815 477 4 2 0.05
6.3 0 -1.1835 -0.011835 -468 -14.04 477 4 2 0.05
6.4 0 -1.197 -0.01197 -473.5 -14.205 477 4 2 0.05
6.5 0 -1.2165 -0.012165 -481 -14.43 477 4 2 0.05
6.6 0 -1.2345 -0.012345 -486.5 -14.595 477 4 2 0.05
6.7 0 -1.266 -0.01266 -497 -14.91 477 4 2 0.05
6.8 0 -1.29 -0.0129 -505.5 -15.165 477 4 2 0.05
6.9 0 -1.3035 -0.013035 -511.5 -15.345 477 4 2 0.05
7 0 -1.3245 -0.013245 -519 -15.57 477 4 2 0.05
7.1 0 -1.344 -0.01344 -526.5 -15.795 477 4 2 0.05
7.2 0 -1.3635 -0.013635 -533.5 -16.005 477 4 2 0.05
7.3 0 -1.368 -0.01368 -537.5 -16.125 477 4 2 0.05
7.4 0 -1.386 -0.01386 -541.5 -16.245 477 4 2 0.05
7.5 0 -1.407 -0.01407 -548 -16.44 477 4 2 0.05
7.6 0 -1.4085 -0.014085 -551.5 -16.545 477 4 2 0.05
7.7 0 -1.4385 -0.014385 -559 -16.77 477 4 2 0.05
7.8 0 -1.458 -0.01458 -566.5 -16.995 477 4 2 0.05
7.9 0 -1.467 -0.01467 -570.5 -17.115 477 4 2 0.05
8 0 -1.4805 -0.014805 -575 -17.25 477 4 2 0.05
8.1 0 -1.503 -0.01503 -581.5 -17.445 477 4 2 0.05
8.2 0 -1.5315 -0.015315 -589.5 -17.685 477 4 2 0.05
8.3 0 -1.554 -0.01554 -597 -17.91 477 4 2 0.05
8.4 0 -1.575 -0.01575 -605 -18.15 477 4 2 0.05
8.5 0 -1.587 -0.01587 -610 -18.3 477 4 2 0.05
8.6 0 -1.62 -0.0162 -618 -18.54 477 4 2 0.05
8.7 0 -1.638 -0.01638 -625 -18.75 477 4 2 0.05
8.8 0 -1.665 -0.01665 -632.5 -18.975 477 4 2 0.05
8.9 0 -1.686 -0.01686 -639.5 -19.185 477 4 2 0.05
9 0 -1.7115 -0.017115 -646 -19.38 477 4 2 0.05
9.1 0 -1.746 -0.01746 -656 -19.68 477 4 2 0.05
9.2 0 -1.788 -0.01788 -667 -20.01 477 4 2 0.05
9.3 0 -1.8315 -0.018315 -680 -20.4 477 4 2 0.05
9.4 0 -1.845 -0.01845 -687 -20.61 477 4 2 0.05
9.5 0 -1.8675 -0.018675 -693.5 -20.805 477 4 2 0.05
9.6 0 -1.9005 -0.019005 -702.5 -21.075 477 4 2 0.05
9.7 0 -1.9125 -0.019125 -707.5 -21.225 477 4 2 0.05
9.8 0 -1.9305 -0.019305 -712 -21.36 477 4 2 0.05
9.9 0 -1.9455 -0.019455 -717 -21.51 477 4 2 0.05
10 0 -1.968 -0.01968 -723 -21.69 477 4 2 0.05
10.1 0 -1.9905 -0.019905 -728.5 -21.855 477 4 2 0.05
10.2 0 -2.01 -0.0201 -734 -22.02 477 4 2 0.05
10.3 0 -2.0295 -0.020295 -739.5 -22.185 477 4 2 0.05
10.4 0 -2.049 -0.02049 -745 -22.35 477 4 2 0.05
10.5 0 -2.0655 -0.020655 -750 -22.5 477 4 2 0.05
10.6 0 -2.0805 -0.020805 -754.5 -22.635 477 4 2 0.05
10.7 0 -2.0895 -0.020895 -757.5 -22.725 477 4 2 0.05
10.8 0 -2.0955 -0.020955 -759.5 -22.785 477 4 2 0.05
10.9 0 -2.0895 -0.020895 -760 -22.8 477 4 2 0.05
11 0 -2.0895 -0.020895 -760 -22.8 477 4 2 0.05
11.1 0 -2.0895 -0.020895 -760 -22.8 477 4 2 0.05
11.2 0 -2.091 -0.02091 -760 -22.8 477 4 2 0.05
11.3 0 -2.091 -0.02091 -760 -22.8 477 4 2 0.05
11.4 0 -2.0925 -0.020925 -760 -22.8 477 4 2 0.05
11.5 0 -2.097 -0.02097 -761 -22.83 477 4 2 0.05
11.6 0 -2.136 -0.02136 -767.5 -23.025 477 4 2 0.05
11.7 0 -2.19 -0.0219 -778 -23.34 477 4 2 0.05
11.8 0 -2.2425 -0.022425 -791 -23.73 477 4 2 0.05
11.9 0 -2.2755 -0.022755 -802 -24.06 477 4 2 0.05
12 0 -2.292 -0.02292 -807.5 -24.225 477 4 2 0.05
12.1 0 -2.331 -0.02331 -815.5 -24.465 477 4 2 0.05
12.2 0 -2.37 -0.0237 -825 -24.75 477 4 2 0.05
12.3 0 -2.391 -0.02391 -832 -24.96 477 4 2 0.05
12.4 0 -2.4015 -0.024015 -835.5 -25.065 477 4 2 0.05
12.5 0 -2.406 -0.02406 -838 -25.14 477 4 2 0.05
12.6 0 -2.412 -0.02412 -839.5 -25.185 477 4 2 0.05
12.7 0 -2.4135 -0.024135 -840 -25.2 477 4 2 0.05
12.8 0 -2.4135 -0.024135 -840.5 -25.215 477 4 2 0.05
12.9 0 -2.415 -0.02415 -841 -25.23 477 4 2 0.05
13 0 -2.415 -0.02415 -841 -25.23 477 4 2 0.05
13.1 0 -2.415 -0.02415 -841.5 -25.245 477 4 2 0.05
13.2 0 -2.4165 -0.024165 -841.5 -25.245 477 4 2 0.05
13.3 0 -2.4135 -0.024135 -841.5 -25.245 477 4 2 0.05
13.4 0 -2.4165 -0.024165 -841 -25.23 477 4 2 0.05
13.5 0 -2.4135 -0.024135 -842 -25.26 477 4 2 0.05
13.6 0 -2.4165 -0.024165 -841 -25.23 477 4 2 0.05
13.7 0 -2.4135 -0.024135 -841 -25.23 477 4 2 0.05
13.8 0 -2.415 -0.02415 -841.5 -25.245 477 4 2 0.05
13.9 0 -2.415 -0.02415 -841.5 -25.245 477 4 2 0.05
14 0 -2.4165 -0.024165 -841.5 -25.245 477 4 2 0.05
14.1 0 -2.4165 -0.024165 -842 -25.26 477 4 2 0.05
14.2 0 -2.4165 -0.024165 -841.5 -25.245 477 4 2 0.05
14.3 0 -2.418 -0.02418 -841.5 -25.245 477 4 2 0.05
14.4 0 -2.415 -0.02415 -841.5 -25.245 477 4 2 0.05
14.5 0 -2.4165 -0.024165 -841.5 -25.245 477 4 2 0.05
14.6 0 -2.418 -0.02418 -841.5 -25.245 477 4 2 0.05
14.7 0 -2.418 -0.02418 -842 -25.26 477 4 2 0.05
14.8 0 -2.418 -0.02418 -841.5 -25.245 477 4 2 0.05
14.9 0 -2.418 -0.02418 -841.5 -25.245 477 4 2 0.05
15 0 -2.4195 -0.024195 -842 -25.26 477 4 2 0.05
15.1 0 -2.4165 -0.024165 -842 -25.26 477 4 2 0.05
15.2 0 -2.4165 -0.024165 -841.5 -25.245 477 4 2 0.05
15.3 0 -2.418 -0.02418 -842 -25.26 477 4 2 0.05
15.4 0 -2.418 -0.02418 -842 -25.26 477 4 2 0.05
15.5 0 -2.418 -0.02418 -842 -25.26 477 4 2 0.05
15.6 0 -2.418 -0.02418 -842 -25.26 477 4 2 0.05
15.7 0 -2.4165 -0.024165 -841.5 -25.245 477 4 2 0.05
15.8 0 -2.4195 -0.024195 -842 -25.26 477 4 2 0.05
15.9 0 -2.4165 -0.024165 -842 -25.26 477 4 2 0.05
16 0 -2.4165 -0.024165 -841.5 -25.245 477 4 2 0.05
16.1 0 -2.415 -0.02415 -841.5 -25.245 477 4 2 0.05
16.2 0 -2.4135 -0.024135 -841.5 -25.245 477 4 2 0.05
16.3 0 -2.415 -0.02415 -841.5 -25.245 477 4 2 0.05
16.4 0 -2.415 -0.02415 -842 -25.26 477 4 2 0.05
16.5 0 -2.415 -0.02415 -842 -25.26 477 4 2 0.05
16.6 0 -2.4165 -0.024165 -841.5 -25.245 477 4 2 0.05
16.7 0 -2.4165 -0.024165 -841.5 -25.245 477 4 2 0.05
16.8 0 -2.418 -0.02418 -842 -25.26 477 4 2 0.05
16.9 0 -2.4165 -0.024165 -842 -25.26 477 4 2 0.05
17 0 -2.418 -0.02418 -841.5 -25.245 477 4 2 0.05
17.1 0 -2.418 -0.02418 -842 -25.26 477 4 2 0.05
17.2 0 -2.436 -0.02436 -844 -25.32 477 4 2 0.05
17.3 0 -2.4525 -0.024525 -847.5 -25.425 477 4 2 0.05
17.4 0 -2.4675 -0.024675 -851 -25.53 477 4 2 0.05
17.5 0 -2.4945 -0.024945 -856 -25.68 477 4 2 0.05
17.6 0 -2.517 -0.02517 -862 -25.86 477 4 2 0.05
17.7 0 -2.544 -0.02544 -867 -26.01 477 4 2 0.05
17.8 0 -2.559 -0.02559 -871 -26.13 477 4 2 0.05
17.9 0 -2.5875 -0.025875 -876.5 -26.295 477 4 2 0.05
18 0 -2.6055 -0.026055 -881 -26.43 477 4 2 0.05
18.1 0 -2.6175 -0.026175 -884 -26.52 477 4 2 0.05
18.2 0 -2.6235 -0.026235 -886 -26.58 477 4 2 0.05
18.3 0 -2.628 -0.02628 -887.5 -26.625 477 4 2 0.05
18.4 0 -2.631 -0.02631 -888.5 -26.655 477 4 2 0.05
18.5 0 -2.6355 -0.026355 -889 -26.67 477 4 2 0.05
18.6 0 -2.646 -0.02646 -890.5 -26.715 477 4 2 0.05
18.7 0 -2.649 -0.02649 -892 -26.76 477 4 2 0.05
18.8 0 -2.6535 -0.026535 -892.5 -26.775 477 4 2 0.05
18.9 0 -2.67 -0.0267 -895 -26.85 477 4 2 0.05
19 0 -2.682 -0.02682 -897.5 -26.925 477 4 2 0.05
19.1 0 -2.6895 -0.026895 -899.5 -26.985 477 4 2 0.05
19.2 0 -2.697 -0.02697 -901.5 -27.045 477 4 2 0.05
19.3 0 -2.7045 -0.027045 -902.5 -27.075 477 4 2 0.05
19.4 0 -2.7105 -0.027105 -904 -27.12 477 4 2 0.05
19.5 0 -2.7165 -0.027165 -905 -27.15 477 4 2 0.05
19.6 0 -2.7255 -0.027255 -906.5 -27.195 477 4 2 0.05
19.7 0 -2.7315 -0.027315 -908 -27.24 477 4 2 0.05
19.8 0 -2.739 -0.02739 -909 -27.27 477 4 2 0.05
19.9 0 -2.7465 -0.027465 -911 -27.33 477 4 2 0.05
20 0 -2.7555 -0.027555 -913 -27.39 477 4 2 0.05
20.1 0 -2.7615 -0.027615 -913.5 -27.405 477 4 2 0.05
20.2 0 -2.763 -0.02763 -914 -27.42 477 4 2 0.05
20.3 0 -2.769 -0.02769 -915 -27.45 477 4 2 0.05
20.4 0 -2.7735 -0.027735 -916 -27.48 477 4 2 0.05
20.5 0 -2.781 -0.02781 -917 -27.51 477 4 2 0.05
20.6 0 -2.7855 -0.027855 -918 -27.54 477 4 2 0.05
20.7 0 -2.79 -0.0279 -919.5 -27.585 477 4 2 0.05
20.8 0 -2.7915 -0.027915 -920 -27.6 477 4 2 0.05
20.9 0 -2.793 -0.02793 -920.5 -27.615 477 4 2 0.05
21 0 -2.7945 -0.027945 -921 -27.63 477 4 2 0.05
21.1 0 -2.7945 -0.027945 -921 -27.63 477 4 2 0.05
21.2 0 -2.799 -0.02799 -921.5 -27.645 477 4 2 0.05
21.3 0 -2.808 -0.02808 -923 -27.69 477 4 2 0.05
21.4 0 -2.8125 -0.028125 -924 -27.72 477 4 2 0.05
21.5 0 -2.8155 -0.028155 -924 -27.72 477 4 2 0.05
21.6 0 -2.82 -0.0282 -925 -27.75 477 4 2 0.05
21.7 0 -2.829 -0.02829 -926 -27.78 477 4 2 0.05
21.8 0 -2.838 -0.02838 -927.5 -27.825 477 4 2 0.05
21.9 0 -2.844 -0.02844 -929 -27.87 477 4 2 0.05
22 0 -2.8515 -0.028515 -931 -27.93 477 4 2 0.05
22.1 0 -2.865 -0.02865 -932.5 -27.975 477 4 2 0.05
22.2 0 -2.8725 -0.028725 -934.5 -28.035 477 4 2 0.05
22.3 0 -2.874 -0.02874 -935.5 -28.065 477 4 2 0.05
22.4 0 -2.877 -0.02877 -935 -28.05 477 4 2 0.05
22.5 0 -2.886 -0.02886 -936.5 -28.095 477 4 2 0.05
22.6 0 -2.901 -0.02901 -939 -28.17 477 4 2 0.05
22.7 0 -2.913 -0.02913 -941 -28.23 477 4 2 0.05
22.8 0 -2.9175 -0.029175 -941.5 -28.245 477 4 2 0.05
22.9 0 -2.919 -0.02919 -942 -28.26 477 4 2 0.05
23 0 -2.919 -0.02919 -942 -28.26 477 4 2 0.05
23.1 0 -2.9205 -0.029205 -943 -28.29 477 4 2 0.05
23.2 0 -2.9205 -0.029205 -943.5 -28.305 477 4 2 0.05
23.3 0 -2.9205 -0.029205 -944 -28.32 477 4 2 0.05
23.4 0 -2.919 -0.02919 -944 -28.32 477 4 2 0.05
23.5 0 -2.9205 -0.029205 -942 -28.26 477 4 2 0.05
23.6 0 -2.9205 -0.029205 -944 -28.32 477 4 2 0.05
23.7 0 -2.931 -0.02931 -945.5 -28.365 477 4 2 0.05
23.8 0 -2.9475 -0.029475 -947 -28.41 477 4 2 0.05
23.9 0 -2.9595 -0.029595 -949 -28.47 477 4 2 0.05
24 0 -2.9745 -0.029745 -950 -28.5 477 4 2 0.05
24.1 0 -2.988 -0.02988 -953 -28.59 477 4 2 0.05
24.2 0 -2.9985 -0.029985 -954.5 -28.635 477 4 2 0.05
24.3 0 -3.003 -0.03003 -956 -28.68 477 4 2 0.05
24.4 0 -3.009 -0.03009 -957 -28.71 477 4 2 0.05
24.5 0 -3.015 -0.03015 -958.5 -28.755 477 4 2 0.05
24.6 0 -3.0195 -0.030195 -960.5 -28.815 477 4 2 0.05
24.7 0 -3.021 -0.03021 -960 -28.8 477 4 2 0.05
24.8 0 -3.024 -0.03024 -960.5 -28.815 477 4 2 0.05
24.9 0 -3.0225 -0.030225 -959.5 -28.785 477 4 2 0.05
25 0 -3.024 -0.03024 -961 -28.83 477 4 2 0.05
25.1 0 -3.024 -0.03024 -959.5 -28.785 477 4 2 0.05
25.2 0 -3.024 -0.03024 -959.5 -28.785 477 4 2 0.05
25.3 0 -3.024 -0.03024 -961.5 -28.845 477 4 2 0.05
25.4 0 -3.0255 -0.030255 -959.5 -28.785 477 4 2 0.05
25.5 0 -3.0225 -0.030225 -960.5 -28.815 477 4 2 0.05
25.6 0 -3.0045 -0.030045 -958.5 -28.755 477 4 2 0.05
25.7 0 -2.985 -0.02985 -958 -28.74 477 4 2 0.05
25.8 0 -2.982 -0.02982 -956.5 -28.695 477 4 2 0.05
25.9 0 -2.97 -0.0297 -956.5 -28.695 477 4 2 0.05
26 0 -2.934 -0.02934 -954 -28.62 477 4 2 0.05
26.1 0 -2.922 -0.02922 -951.5 -28.545 477 4 2 0.05
26.2 0 -2.916 -0.02916 -951 -28.53 477 4 2 0.05
26.3 0 -2.9115 -0.029115 -951 -28.53 477 4 2 0.05
26.4 0 -2.898 -0.02898 -950.5 -28.515 477 4 2 0.05
26.5 0 -2.892 -0.02892 -949 -28.47 477 4 2 0.05
26.6 0 -2.8905 -0.028905 -948 -28.44 477 4 2 0.05
26.7 0 -2.889 -0.02889 -949.5 -28.485 477 4 2 0.05
26.8 0 -2.889 -0.02889 -949 -28.47 477 4 2 0.05
26.9 0 -2.8905 -0.028905 -948.5 -28.455 477 4 2 0.05
27 0 -2.889 -0.02889 -948 -28.44 477 4 2 0.05
27.1 0 -2.889 -0.02889 -948.5 -28.455 477 4 2 0.05
27.2 0 -2.889 -0.02889 -949 -28.47 477 4 2 0.05
27.3 0 -2.8905 -0.028905 -948.5 -28.455 477 4 2 0.05
27.4 0 -2.889 -0.02889 -948.5 -28.455 477 4 2 0.05
27.5 0 -2.889 -0.02889 -949 -28.47 477 4 2 0.05
27.6 0 -2.8905 -0.028905 -948 -28.44 477 4 2 0.05
27.7 0 -2.892 -0.02892 -948.5 -28.455 477 4 2 0.05
27.8 0 -2.889 -0.02889 -948 -28.44 477 4 2 0.05
27.9 0 -2.892 -0.02892 -948.5 -28.455 477 4 2 0.05
28 0 -2.889 -0.02889 -949 -28.47 477 4 2 0.05
28.1 0 -2.8905 -0.028905 -948.5 -28.455 477 4 2 0.05
28.2 0 -2.889 -0.02889 -949.5 -28.485 477 4 2 0.05
28.3 0 -2.892 -0.02892 -949 -28.47 477 4 2 0.05
28.4 0 -2.892 -0.02892 -949.5 -28.485 477 4 2 0.05
28.5 0 -2.889 -0.02889 -949 -28.47 477 4 2 0.05
28.6 0 -2.8905 -0.028905 -948.5 -28.455 477 4 2 0.05
28.7 0 -2.8905 -0.028905 -949.5 -28.485 477 4 2 0.05
28.8 0 -2.8905 -0.028905 -949.5 -28.485 477 4 2 0.05
28.9 0 -2.8905 -0.028905 -950 -28.5 477 4 2 0.05
29 0 -2.8905 -0.028905 -950 -28.5 477 4 2 0.05
29.1 0 -2.892 -0.02892 -948.5 -28.455 477 4 2 0.05
29.2 0 -2.892 -0.02892 -949 -28.47 477 4 2 0.05
29.3 0 -2.892 -0.02892 -949.5 -28.485 477 4 2 0.05
29.4 0 -2.8905 -0.028905 -948.5 -28.455 477 4 2 0.05
29.5 0 -2.8905 -0.028905 -948.5 -28.455 477 4 2 0.05
29.6 0 -2.889 -0.02889 -949 -28.47 477 4 2 0.05
29.7 0 -2.8935 -0.028935 -950 -28.5 477 4 2 0.05
29.8 0 -2.892 -0.02892 -950 -28.5 477 4 2 0.05
29.9 0 -2.8905 -0.028905 -949 -28.47 477 4 2 0.05
30 0 -2.892 -0.02892 -950 -28.5 477 4 2 0.05
30.1 0 -2.892 -0.02892 -950 -28.5 477 4 2 0.05
30.2 0 -2.889 -0.02889 -948 -28.44 477 4 2 0.05
30.3 0 -2.8935 -0.028935 -950 -28.5 477 4 2 0.05
30.4 0 -2.8905 -0.028905 -949 -28.47 477 4 2 0.05
30.5 0 -2.892 -0.02892 -948 -28.44 477 4 2 0.05
30.6 0 -2.8905 -0.028905 -949 -28.47 477 4 2 0.05
30.7 0 -2.8905 -0.028905 -949 -28.47 477 4 2 0.05
30.8 0 -2.8905 -0.028905 -948 -28.44 477 4 2 0.05
30.9 0 -2.892 -0.02892 -949.5 -28.485 477 4 2 0.05
31 0 -2.892 -0.02892 -948 -28.44 477 4 2 0.05
31.1 0 -2.8905 -0.028905 -948 -28.44 477 4 2 0.05
31.2 0 -2.892 -0.02892 -949.5 -28.485 477 4 2 0.05
31.3 0 -2.8905 -0.028905 -948 -28.44 477 4 2 0.05
31.4 0 -2.8905 -0.028905 -950 -28.5 477 4 2 0.05
31.5 0 -2.892 -0.02892 -948 -28.44 477 4 2 0.05
31.6 0 -2.892 -0.02892 -948.5 -28.455 477 4 2 0.05
31.7 0 -2.8905 -0.028905 -948.5 -28.455 477 4 2 0.05
31.8 0 -2.8905 -0.028905 -948.5 -28.455 477 4 2 0.05
31.9 0 -2.8905 -0.028905 -949 -28.47 477 4 2 0.05
32 0 -2.889 -0.02889 -949 -28.47 477 4 2 0.05
32.1 0 -2.8905 -0.028905 -949 -28.47 477 4 2 0.05
32.2 0 -2.817 -0.02817 -944 -28.32 477 4 2 0.05
32.3 0 -2.7165 -0.027165 -933 -27.99 477 4 2 0.05
32.4 0 -2.625 -0.02625 -921 -27.63 477 4 2 0.05
32.5 0 -2.5515 -0.025515 -910.5 -27.315 477 4 2 0.05
32.6 0 -2.475 -0.02475 -899.5 -26.985 477 4 2 0.05
32.7 0 -2.403 -0.02403 -888 -26.64 477 4 2 0.05
32.8 0 -2.337 -0.02337 -876 -26.28 477 4 2 0.05
32.9 0 -2.256 -0.02256 -862 -25.86 477 4 2 0.05
33 0 -2.1765 -0.021765 -847.5 -25.425 477 4 2 0.05
33.1 0 -2.106 -0.02106 -831 -24.93 477 4 2 0.05
33.2 0 -2.0205 -0.020205 -813 -24.39 477 4 2 0.05
33.3 0 -1.9515 -0.019515 -796 -23.88 477 4 2 0.05
33.4 0 -1.887 -0.01887 -779 -23.37 477 4 2 0.05
33.5 0 -1.851 -0.01851 -767.5 -23.025 477 4 2 0.05
33.6 0 -1.836 -0.01836 -761 -22.83 477 4 2 0.05
33.7 0 -1.773 -0.01773 -749 -22.47 477 4 2 0.05
33.8 0 -1.671 -0.01671 -725 -21.75 477 4 2 0.05
33.9 0 -1.6095 -0.016095 -706 -21.18 477 4 2 0.05
34 0 -1.5915 -0.015915 -695 -20.85 477 4 2 0.05
34.1 0 -1.593 -0.01593 -691 -20.73 477 4 2 0.05
34.2 0 -1.5915 -0.015915 -689 -20.67 477 4 2 0.05
34.3 0 -1.5915 -0.015915 -689 -20.67 477 4 2 0.05
34.4 0 -1.5915 -0.015915 -689 -20.67 477 4 2 0.05
34.5 0 -1.5645 -0.015645 -685 -20.55 477 4 2 0.05
34.6 0 -1.4895 -0.014895 -669 -20.07 477 4 2 0.05
34.7 0 -1.458 -0.01458 -656.5 -19.695 477 4 2 0.05
34.8 0 -1.41 -0.0141 -643.5 -19.305 477 4 2 0.05
34.9 0 -1.3575 -0.013575 -628.5 -18.855 477 4 2 0.05
35 0 -1.3215 -0.013215 -616 -18.48 477 4 2 0.05
35.1 0 -1.2735 -0.012735 -601.5 -18.045 477 4 2 0.05
35.2 0 -1.2165 -0.012165 -583.5 -17.505 477 4 2 0.05
35.3 0 -1.155 -0.01155 -565 -16.95 477 4 2 0.05
35.4 0 -1.1205 -0.011205 -552.5 -16.575 477 4 2 0.05
35.5 0 -1.0755 -0.010755 -537 -16.11 477 4 2 0.05
35.6 0 -1.017 -0.01017 -518.5 -15.555 477 4 2 0.05
35.7 0 -0.9555 -0.009555 -499 -14.97 477 4 2 0.05
35.8 0 -0.9 -0.009 -478 -14.34 477 4 2 0.05
35.9 0 -0.8505 -0.008505 -459.5 -13.785 477 4 2 0.05
36 0 -0.8175 -0.008175 -446 -13.38 477 4 2 0.05
36.1 0 -0.7725 -0.007725 -429 -12.87 477 4 2 0.05
36.2 0 -0.7215 -0.007215 -409.5 -12.285 477 4 2 0.05
36.3 0 -0.684 -0.00684 -394 -11.82 477 4 2 0.05
36.4 0 -0.636 -0.00636 -376 -11.28 477 4 2 0.05
36.5 0 -0.558 -0.00558 -348 -10.44 477 4 2 0.05
36.6 0 -0.462 -0.00462 -308 -9.24 477 4 2 0.05
36.7 0 -0.399 -0.00399 -278.5 -8.355 477 4 2 0.05
36.8 0 -0.3375 -0.003375 -249.5 -7.485 477 4 2 0.05
36.9 0 -0.2835 -0.002835 -224 -6.72 477 4 2 0.05
37 0 -0.24 -0.0024 -201 -6.03 477 4 2 0.05
37.1 0 -0.18 -0.0018 -174 -5.22 477 4 2 0.05
37.2 0 -0.1245 -0.001245 -147.5 -4.425 477 4 2 0.05
37.3 0 -0.066 -0.00066 -118.5 -3.555 477 4 2 0.05
37.4 0 -0.024 -0.00024 -97 -2.91 477 4 2 0.05
37.5 0 0 0 -79.5 -2.385 477 4 2 0.05
37.6 0 0.0015 1.5E-05 -73.5 -2.205 477 4 2 0.05
37.7 0 0 0 -70.5 -2.115 477 4 2 0.05
37.8 0 0 0 -69 -2.07 477 4 2 0.05
37.9 0 0 0 -68 -2.04 477 4 2 0.05
38 0 -0.0015 -1.5E-05 -67.5 -2.025 477 4 2 0.05
38.1 0 0 0 -67 -2.01 477 4 2 0.05
38.2 0 0 0 -66.5 -1.995 477 4 2 0.05
38.3 0 0 0 -66.5 -1.995 477 4 2 0.05
38.4 0 0 0 -66.5 -1.995 477 4 2 0.05
38.5 0 0 0 -66.5 -1.995 477 4 2 0.05
38.6 0 0 0 -66 -1.98 477 4 2 0.05
38.7 0 0 0 -66 -1.98 477 4 2 0.05
38.8 0 0 0 -66 -1.98 477 4 2 0.05
38.9 0 0.003 3E-05 -66 -1.98 477 4 2 0.05
39 0 -0.0015 -1.5E-05 -66 -1.98 477 4 2 0.05
39.1 0 0 0 -66 -1.98 477 4 2 0.05
39.2 0 0 0 -65.5 -1.965 477 4 2 0.05
39.3 0 0 0 -66 -1.98 477 4 2 0.05
39.4 0 0 0 -66 -1.98 477 4 2 0.05
39.5 0 0.003 3E-05 -66 -1.98 477 4 2 0.05
39.6 0 0 0 -66 -1.98 477 4 2 0.05
39.7 0 0 0 -66 -1.98 477 4 2 0.05
39.8 0 0.0015 1.5E-05 -66 -1.98 477 4 2 0.05
39.9 0 0.0015 1.5E-05 -66 -1.98 477 4 2 0.05
40 0 0 0 -66 -1.98 477 4 2 0.05
40.1 0 0 0 -66 -1.98 477 4 2 0.05
40.2 0 0.0015 1.5E-05 -66 -1.98 477 4 2 0.05
40.3 0 -0.0015 -1.5E-05 -66 -1.98 477 4 2 0.05
40.4 0 -0.0015 -1.5E-05 -66 -1.98 477 4 2 0.05
40.5 0 0 0 -66 -1.98 477 4 2 0.05
40.6 0 -0.0015 -1.5E-05 -66 -1.98 477 4 2 0.05
40.7 0 0 0 -66 -1.98 477 4 2 0.05
40.8 0 -0.003 -3E-05 -66 -1.98 477 4 2 0.05
40.9 0 0.0015 1.5E-05 -66 -1.98 477 4 2 0.05
41 0 -0.0015 -1.5E-05 -66 -1.98 477 4 2 0.05
41.1 0 0 0 -66 -1.98 477 4 2 0.05
41.2 0 -0.0015 -1.5E-05 -66 -1.98 477 4 2 0.05
41.3 0 0 0 -66 -1.98 477 4 2 0.05
41.4 0 0 0 -66 -1.98 477 4 2 0.05
41.5 0 0 0 -66 -1.98 477 4 2 0.05
41.6 0 0.027 0.00027 -62 -1.86 477 4 2 0.05
41.7 0 0.054 0.00054 -52 -1.56 477 4 2 0.05
41.8 0 0.0795 0.000795 -40.5 -1.215 477 4 2 0.05
41.9 0 0.1065 0.001065 -28 -0.84 477 4 2 0.05
42 0 0.1515 0.001515 -9.5 -0.285 477 4 2 0.05
42.1 0 0.1905 0.001905 8 0.24 477 4 2 0.05
42.2 0 0.246 0.00246 32 0.96 477 4 2 0.05
42.3 0 0.288 0.00288 52.5 1.575 477 4 2 0.05
42.4 0 0.327 0.00327 70.5 2.115 477 4 2 0.05
42.5 0 0.3555 0.003555 86 2.58 477 4 2 0.05
42.6 0 0.387 0.00387 100.5 3.015 477 4 2 0.05
42.7 0 0.4125 0.004125 113.5 3.405 477 4 2 0.05
42.8 0 0.453 0.00453 129.5 3.885 477 4 2 0.05
42.9 0 0.501 0.00501 149.5 4.485 477 4 2 0.05
43 0 0.5565 0.005565 173.5 5.205 477 4 2 0.05
43.1 0 0.6135 0.006135 197.5 5.925 477 4 2 0.05
43.2 0 0.621 0.00621 210 6.3 477 4 2 0.05
43.3 0 0.6285 0.006285 217.5 6.525 477 4 2 0.05
43.4 0 0.6405 0.006405 223 6.69 477 4 2 0.05
43.5 0 0.678 0.00678 234 7.02 477 4 2 0.05
43.6 0 0.7485 0.007485 257.5 7.725 477 4 2 0.05
43.7 0 0.852 0.00852 293.5 8.805 477 4 2 0.05
43.8 0 0.96 0.0096 333.5 10.005 477 4 2 0.05
43.9 0 1.0695 0.010695 375 11.25 477 4 2 0.05
44 0 1.146 0.01146 411 12.33 477 4 2 0.05
44.1 0 1.188 0.01188 433.5 13.005 477 4 2 0.05
44.2 0 1.2435 0.012435 456 13.68 477 4 2 0.05
44.3 0 1.3275 0.013275 484 14.52 477 4 2 0.05
44.4 0 1.4175 0.014175 516 15.48 477 4 2 0.05
44.5 0 1.4865 0.014865 542.5 16.275 477 4 2 0.05
44.6 0 1.545 0.01545 565.5 16.965 477 4 2 0.05
44.7 0 1.6125 0.016125 588.5 17.655 477 4 2 0.05
44.8 0 1.6575 0.016575 607 18.21 477 4 2 0.05
44.9 0 1.7235 0.017235 627 18.81 477 4 2 0.05
45 0 1.809 0.01809 651 19.53 477 4 2 0.05
45.1 0 1.89 0.0189 675 20.25 477 4 2 0.05
45.2 0 1.977 0.01977 701 21.03 477 4 2 0.05
45.3 0 2.0505 0.020505 723 21.69 477 4 2 0.05
45.4 0 2.121 0.02121 744 22.32 477 4 2 0.05
45.5 0 2.205 0.02205 765 22.95 477 4 2 0.05
45.6 0 2.319 0.02319 791.5 23.745 477 4 2 0.05
45.7 0 2.4585 0.024585 823.5 24.705 477 4 2 0.05
45.8 0 2.5665 0.025665 850 25.5 477 4 2 0.05
45.9 0 2.661 0.02661 873 26.19 477 4 2 0.05
46 0 2.742 0.02742 891 26.73 477 4 2 0.05
46.1 0 2.8125 0.028125 907 27.21 477 4 2 0.05
46.2 0 2.8425 0.028425 916 27.48 477 4 2 0.05
46.3 0 2.859 0.02859 920.5 27.615 477 4 2 0.05
46.4 0 2.8665 0.028665 923 27.69 477 4 2 0.05
46.5 0 2.8695 0.028695 924 27.72 477 4 2 0.05
46.6 0 2.8755 0.028755 925 27.75 477 4 2 0.05
46.7 0 2.8725 0.028725 925 27.75 477 4 2 0.05
46.8 0 2.8755 0.028755 925.5 27.765 477 4 2 0.05
46.9 0 2.877 0.02877 925 27.75 477 4 2 0.05
47 0 2.877 0.02877 925.5 27.765 477 4 2 0.05
47.1 0 2.8755 0.028755 925.5 27.765 477 4 2 0.05
47.2 0 2.877 0.02877 925.5 27.765 477 4 2 0.05
47.3 0 2.8755 0.028755 925.5 27.765 477 4 2 0.05
47.4 0 2.877 0.02877 925.5 27.765 477 4 2 0.05
47.5 0 2.877 0.02877 925.5 27.765 477 4 2 0.05
47.6 0 2.8755 0.028755 925.5 27.765 477 4 2 0.05
47.7 0 2.8785 0.028785 926 27.78 477 4 2 0.05
47.8 0 2.877 0.02877 926 27.78 477 4 2 0.05
47.9 0 2.8785 0.028785 926 27.78 477 4 2 0.05
48 0 2.8785 0.028785 926 27.78 477 4 2 0.05
48.1 0 2.88 0.0288 926 27.78 477 4 2 0.05
48.2 0 2.877 0.02877 925.5 27.765 477 4 2 0.05
48.3 0 2.877 0.02877 926 27.78 477 4 2 0.05
48.4 0 2.8755 0.028755 926 27.78 477 4 2 0.05
48.5 0 2.8785 0.028785 926 27.78 477 4 2 0.05
48.6 0 2.877 0.02877 926 27.78 477 4 2 0.05
48.7 0 2.8785 0.028785 926 27.78 477 4 2 0.05
48.8 0 2.874 0.02874 925.5 27.765 477 4 2 0.05
48.9 0 2.877 0.02877 926 27.78 477 4 2 0.05
49 0 2.877 0.02877 926 27.78 477 4 2 0.05
49.1 0 2.877 0.02877 926 27.78 477 4 2 0.05
49.2 0 2.877 0.02877 926 27.78 477 4 2 0.05
49.3 0 2.8755 0.028755 926 27.78 477 4 2 0.05
49.4 0 2.874 0.02874 926 27.78 477 4 2 0.05
49.5 0 2.8755 0.028755 926 27.78 477 4 2 0.05
49.6 0 2.877 0.02877 926 27.78 477 4 2 0.05
49.7 0 2.8785 0.028785 926 27.78 477 4 2 0.05
49.8 0 2.877 0.02877 925.5 27.765 477 4 2 0.05
49.9 0 2.8785 0.028785 925.5 27.765 477 4 2 0.05
50 0 2.8755 0.028755 926 27.78 477 4 2 0.05
50.1 0 2.8785 0.028785 926 27.78 477 4 2 0.05
50.2 0 2.8785 0.028785 926 27.78 477 4 2 0.05
50.3 0 2.877 0.02877 926 27.78 477 4 2 0.05
50.4 0 2.877 0.02877 926 27.78 477 4 2 0.05
50.5 0 2.8785 0.028785 926 27.78 477 4 2 0.05
50.6 0 2.877 0.02877 926 27.78 477 4 2 0.05
50.7 0 2.877 0.02877 926 27.78 477 4 2 0.05
50.8 0 2.877 0.02877 926 27.78 477 4 2 0.05
50.9 0 2.8785 0.028785 926 27.78 477 4 2 0.05
51 0 2.8785 0.028785 926 27.78 477 4 2 0.05
51.1 0 2.877 0.02877 926 27.78 477 4 2 0.05
51.2 0 2.877 0.02877 926 27.78 477 4 2 0.05
51.3 0 2.877 0.02877 926 27.78 477 4 2 0.05
51.4 0 2.8785 0.028785 926 27.78 477 4 2 0.05
51.5 0 2.88 0.0288 926 27.78 477 4 2 0.05
51.6 0 2.877 0.02877 926 27.78 477 4 2 0.05
51.7 0 2.877 0.02877 926 27.78 477 4 2 0.05
51.8 0 2.877 0.02877 926 27.78 477 4 2 0.05
51.9 0 2.8785 0.028785 926 27.78 477 4 2 0.05
52 0 2.877 0.02877 926 27.78 477 4 2 0.05
52.1 0 2.8785 0.028785 926 27.78 477 4 2 0.05
52.2 0 2.8785 0.028785 926 27.78 477 4 2 0.05
52.3 0 2.8785 0.028785 926 27.78 477 4 2 0.05
52.4 0 2.8785 0.028785 926 27.78 477 4 2 0.05
52.5 0 2.877 0.02877 926 27.78 477 4 2 0.05
52.6 0 2.88 0.0288 926 27.78 477 4 2 0.05
52.7 0 2.8785 0.028785 926 27.78 477 4 2 0.05
52.8 0 2.8785 0.028785 926 27.78 477 4 2 0.05
52.9 0 2.8785 0.028785 926 27.78 477 4 2 0.05
53 0 2.8785 0.028785 926 27.78 477 4 2 0.05
53.1 0 2.877 0.02877 926 27.78 477 4 2 0.05
53.2 0 2.8785 0.028785 926 27.78 477 4 2 0.05
53.3 0 2.88 0.0288 926 27.78 477 4 2 0.05
53.4 0 2.8815 0.028815 926.5 27.795 477 4 2 0.05
53.5 0 2.892 0.02892 927.5 27.825 477 4 2 0.05
53.6 0 2.9145 0.029145 930 27.9 477 4 2 0.05
53.7 0 2.937 0.02937 934 28.02 477 4 2 0.05
53.8 0 2.9565 0.029565 937.5 28.125 477 4 2 0.05
53.9 0 2.9715 0.029715 940 28.2 477 4 2 0.05
54 0 2.9835 0.029835 942.5 28.275 477 4 2 0.05
54.1 0 2.991 0.02991 944 28.32 477 4 2 0.05
54.2 0 2.994 0.02994 945 28.35 477 4 2 0.05
54.3 0 2.9925 0.029925 945 28.35 477 4 2 0.05
54.4 0 2.9955 0.029955 945.5 28.365 477 4 2 0.05
54.5 0 2.9955 0.029955 945.5 28.365 477 4 2 0.05
54.6 0 2.9955 0.029955 946 28.38 477 4 2 0.05
54.7 0 2.997 0.02997 945.5 28.365 477 4 2 0.05
54.8 0 2.997 0.02997 945.5 28.365 477 4 2 0.05
54.9 0 2.9955 0.029955 945.5 28.365 477 4 2 0.05
55 0 2.9955 0.029955 945.5 28.365 477 4 2 0.05
55.1 0 2.9955 0.029955 945.5 28.365 477 4 2 0.05
55.2 0 2.997 0.02997 945.5 28.365 477 4 2 0.05
55.3 0 2.997 0.02997 946 28.38 477 4 2 0.05
55.4 0 2.9955 0.029955 946 28.38 477 4 2 0.05
55.5 0 2.997 0.02997 946 28.38 477 4 2 0.05
55.6 0 2.994 0.02994 946 28.38 477 4 2 0.05
55.7 0 2.9955 0.029955 945.5 28.365 477 4 2 0.05
55.8 0 2.9955 0.029955 945.5 28.365 477 4 2 0.05
55.9 0 2.9955 0.029955 946 28.38 477 4 2 0.05
56 0 2.997 0.02997 946 28.38 477 4 2 0.05
56.1 0 2.997 0.02997 945.5 28.365 477 4 2 0.05
56.2 0 2.9955 0.029955 946 28.38 477 4 2 0.05
56.3 0 2.9985 0.029985 946 28.38 477 4 2 0.05
56.4 0 2.997 0.02997 946 28.38 477 4 2 0.05
56.5 0 2.997 0.02997 946 28.38 477 4 2 0.05
56.6 0 2.9985 0.029985 945.5 28.365 477 4 2 0.05
56.7 0 2.997 0.02997 946 28.38 477 4 2 0.05
56.8 0 2.9985 0.029985 946 28.38 477 4 2 0.05
56.9 0 2.997 0.02997 945.5 28.365 477 4 2 0.05
57 0 2.9955 0.029955 945.5 28.365 477 4 2 0.05
57.1 0 2.9355 0.029355 941.5 28.245 477 4 2 0.05
57.2 0 2.8425 0.028425 933.5 28.005 477 4 2 0.05
57.3 0 2.748 0.02748 924 27.72 477 4 2 0.05
57.4 0 2.664 0.02664 914 27.42 477 4 2 0.05
57.5 0 2.592 0.02592 904.5 27.135 477 4 2 0.05
57.6 0 2.5275 0.025275 895.5 26.865 477 4 2 0.05
57.7 0 2.4795 0.024795 887 26.61 477 4 2 0.05
57.8 0 2.427 0.02427 878.5 26.355 477 4 2 0.05
57.9 0 2.3685 0.023685 869.5 26.085 477 4 2 0.05
58 0 2.334 0.02334 862.5 25.875 477 4 2 0.05
58.1 0 2.2905 0.022905 855 25.65 477 4 2 0.05
58.2 0 2.2365 0.022365 845.5 25.365 477 4 2 0.05
58.3 0 2.1945 0.021945 836 25.08 477 4 2 0.05
58.4 0 2.1405 0.021405 825.5 24.765 477 4 2 0.05
58.5 0 2.0955 0.020955 815.5 24.465 477 4 2 0.05
58.6 0 2.046 0.02046 805 24.15 477 4 2 0.05
58.7 0 2.013 0.02013 795.5 23.865 477 4 2 0.05
58.8 0 1.9755 0.019755 787 23.61 477 4 2 0.05
58.9 0 1.941 0.01941 779 23.37 477 4 2 0.05
59 0 1.884 0.01884 766 22.98 477 4 2 0.05
59.1 0 1.833 0.01833 753.5 22.605 477 4 2 0.05
59.2 0 1.7715 0.017715 739 22.17 477 4 2 0.05
59.3 0 1.7265 0.017265 725 21.75 477 4 2 0.05
59.4 0 1.668 0.01668 709.5 21.285 477 4 2 0.05
59.5 0 1.6275 0.016275 697.5 20.925 477 4 2 0.05
59.6 0 1.5735 0.015735 682.5 20.475 477 4 2 0.05
59.7 0 1.5105 0.015105 665.5 19.965 477 4 2 0.05
59.8 0 1.461 0.01461 649.5 19.485 477 4 2 0.05
59.9 0 1.401 0.01401 633 18.99 477 4 2 0.05
60 0 1.329 0.01329 612.5 18.375 477 4 2 0.05
60.1 0 1.2645 0.012645 592.5 17.775 477 4 2 0.05
60.2 0 1.1835 0.011835 568 17.04 477 4 2 0.05
60.3 0 1.1055 0.011055 542 16.26 477 4 2 0.05
60.4 0 1.0155 0.010155 513 15.39 477 4 2 0.05
60.5 0 0.927 0.00927 483 14.49 477 4 2 0.05
60.6 0 0.8445 0.008445 453 13.59 477 4 2 0.05
60.7 0 0.768 0.00768 423 12.69 477 4 2 0.05
60.8 0 0.681 0.00681 390.5 11.715 477 4 2 0.05
60.9 0 0.615 0.00615 361 10.83 477 4 2 0.05
61 0 0.54 0.0054 330.5 9.915 477 4 2 0.05
61.1 0 0.483 0.00483 304 9.12 477 4 2 0.05
61.2 0 0.4275 0.004275 278 8.34 477 4 2 0.05
61.3 0 0.3795 0.003795 255 7.65 477 4 2 0.05
61.4 0 0.315 0.00315 227 6.81 477 4 2 0.05
61.5 0 0.2505 0.002505 196.5 5.895 477 4 2 0.05
61.6 0 0.171 0.00171 162.5 4.875 477 4 2 0.05
61.7 0 0.1065 0.001065 131 3.93 477 4 2 0.05
61.8 0 0.0465 0.000465 100 3 477 4 2 0.05
61.9 0 0 0 75 2.25 477 4 2 0.05
62 0 0.0015 1.5E-05 65.5 1.965 477 4 2 0.05
62.1 0 0.0015 1.5E-05 61 1.83 477 4 2 0.05
62.2 0 0.0015 1.5E-05 59 1.77 477 4 2 0.05
62.3 0 0 0 57.5 1.725 477 4 2 0.05
62.4 0 0.0015 1.5E-05 56.5 1.695 477 4 2 0.05
62.5 0 0 0 56 1.68 477 4 2 0.05
62.6 0 -0.003 -3E-05 55.5 1.665 477 4 2 0.05
62.7 0 0 0 55.5 1.665 477 4 2 0.05
62.8 0 0 0 55 1.65 477 4 2 0.05
62.9 0 0 0 55 1.65 477 4 2 0.05
63 0 0 0 55 1.65 477 4 2 0.05
63.1 0 0.0015 1.5E-05 55 1.65 477 4 2 0.05
63.2 0 0 0 55 1.65 477 4 2 0.05
63.3 0 -0.0015 -1.5E-05 55 1.65 477 4 2 0.05
63.4 0 0 0 55 1.65 477 4 2 0.05
63.5 0 0 0 55 1.65 477 4 2 0.05
63.6 0 -0.0015 -1.5E-05 55 1.65 477 4 2 0.05
63.7 0 -0.0015 -1.5E-05 55 1.65 477 4 2 0.05
63.8 0 0.0015 1.5E-05 54.5 1.635 477 4 2 0.05
63.9 0 0 0 54.5 1.635 477 4 2 0.05
64 0 -0.0015 -1.5E-05 54.5 1.635 477 4 2 0.05
64.1 0 0 0 54.5 1.635 477 4 2 0.05
64.2 0 0.0015 1.5E-05 54.5 1.635 477 4 2 0.05
64.3 0 0 0 54.5 1.635 477 4 2 0.05
64.4 0 -0.0015 -1.5E-05 54.5 1.635 477 4 2 0.05
64.5 0 0 0 54.5 1.635 477 4 2 0.05
64.6 0 -0.0015 -1.5E-05 54.5 1.635 477 4 2 0.05
64.7 0 -0.003 -3E-05 54.5 1.635 477 4 2 0.05
64.8 0 -0.0015 -1.5E-05 54.5 1.635 477 4 2 0.05
64.9 0 0 0 55 1.65 477 4 2 0.05
65 0 0.0015 1.5E-05 54.5 1.635 477 4 2 0.05
65.1 0 0 0 54.5 1.635 477 4 2 0.05
65.2 0 0.0015 1.5E-05 54.5 1.635 477 4 2 0.05
65.3 0 0 0 54.5 1.635 477 4 2 0.05
65.4 0 0 0 55 1.65 477 4 2 0.05
65.5 0 0.0015 1.5E-05 54.5 1.635 477 4 2 0.05
65.6 0 -0.0015 -1.5E-05 54.5 1.635 477 4 2 0.05
65.7 0 -0.0015 -1.5E-05 54.5 1.635 477 4 2 0.05
65.8 0 0 0 54.5 1.635 477 4 2 0.05
65.9 0 0.0015 1.5E-05 54.5 1.635 477 4 2 0.05
66 0 0.0015 1.5E-05 54.5 1.635 477 4 2 0.05
66.1 0 -0.033 -0.00033 49 1.47 477 4 2 0.05
66.2 0 -0.096 -0.00096 28.5 0.855 477 4 2 0.05
66.3 0 -0.1455 -0.001455 4.5 0.135 477 4 2 0.05
66.4 0 -0.186 -0.00186 -14.5 -0.435 477 4 2 0.05
66.5 0 -0.2145 -0.002145 -29.5 -0.885 477 4 2 0.05
66.6 0 -0.237 -0.00237 -43.5 -1.305 477 4 2 0.05
66.7 0 -0.264 -0.00264 -55.5 -1.665 477 4 2 0.05
66.8 0 -0.3045 -0.003045 -72.5 -2.175 477 4 2 0.05
66.9 0 -0.3195 -0.003195 -84 -2.52 477 4 2 0.05
67 0 -0.3435 -0.003435 -93.5 -2.805 477 4 2 0.05
67.1 0 -0.402 -0.00402 -116 -3.48 477 4 2 0.05
67.2 0 -0.4485 -0.004485 -136 -4.08 477 4 2 0.05
67.3 0 -0.48 -0.0048 -153 -4.59 477 4 2 0.05
67.4 0 -0.5055 -0.005055 -166 -4.98 477 4 2 0.05
67.5 0 -0.537 -0.00537 -180 -5.4 477 4 2 0.05
67.6 0 -0.573 -0.00573 -195.5 -5.865 477 4 2 0.05
67.7 0 -0.597 -0.00597 -209 -6.27 477 4 2 0.05
67.8 0 -0.612 -0.00612 -217.5 -6.525 477 4 2 0.05
67.9 0 -0.6345 -0.006345 -227.5 -6.825 477 4 2 0.05
68 0 -0.657 -0.00657 -238.5 -7.155 477 4 2 0.05
68.1 0 -0.678 -0.00678 -248.5 -7.455 477 4 2 0.05
68.2 0 -0.6855 -0.006855 -254.5 -7.635 477 4 2 0.05
68.3 0 -0.711 -0.00711 -264 -7.92 477 4 2 0.05
68.4 0 -0.735 -0.00735 -274 -8.22 477 4 2 0.05
68.5 0 -0.759 -0.00759 -285 -8.55 477 4 2 0.05
68.6 0 -0.7785 -0.007785 -294.5 -8.835 477 4 2 0.05
68.7 0 -0.7995 -0.007995 -302.5 -9.075 477 4 2 0.05
68.8 0 -0.828 -0.00828 -313.5 -9.405 477 4 2 0.05
68.9 0 -0.858 -0.00858 -326 -9.78 477 4 2 0.05
69 0 -0.903 -0.00903 -342 -10.26 477 4 2 0.05
69.1 0 -0.933 -0.00933 -355.5 -10.665 477 4 2 0.05
69.2 0 -0.9705 -0.009705 -370.5 -11.115 477 4 2 0.05
69.3 0 -1.0095 -0.010095 -386.5 -11.595 477 4 2 0.05
69.4 0 -1.047 -0.01047 -401.5 -12.045 477 4 2 0.05
69.5 0 -1.086 -0.01086 -416.5 -12.495 477 4 2 0.05
69.6 0 -1.131 -0.01131 -433.5 -13.005 477 4 2 0.05
69.7 0 -1.197 -0.01197 -454.5 -13.635 477 4 2 0.05
69.8 0 -1.2675 -0.012675 -480 -14.4 477 4 2 0.05
69.9 0 -1.2975 -0.012975 -497 -14.91 477 4 2 0.05
70 0 -1.326 -0.01326 -509 -15.27 477 4 2 0.05
70.1 0 -1.3605 -0.013605 -522 -15.66 477 4 2 0.05
70.2 0 -1.4235 -0.014235 -541.5 -16.245 477 4 2 0.05
70.3 0 -1.4715 -0.014715 -558.5 -16.755 477 4 2 0.05
70.4 0 -1.5315 -0.015315 -577.5 -17.325 477 4 2 0.05
70.5 0 -1.6125 -0.016125 -600.5 -18.015 477 4 2 0.05
70.6 0 -1.692 -0.01692 -625.5 -18.765 477 4 2 0.05
70.7 0 -1.7895 -0.017895 -654.5 -19.635 477 4 2 0.05
70.8 0 -1.902 -0.01902 -686 -20.58 477 4 2 0.05
70.9 0 -2.0235 -0.020235 -720 -21.6 477 4 2 0.05
71 0 -2.1525 -0.021525 -754 -22.62 477 4 2 0.05
71.1 0 -2.301 -0.02301 -791.5 -23.745 477 4 2 0.05
71.2 0 -2.475 -0.02475 -832 -24.96 477 4 2 0.05
71.3 0 -2.6145 -0.026145 -867 -26.01 477 4 2 0.05
71.4 0 -2.7645 -0.027645 -898.5 -26.955 477 4 2 0.05
71.5 0 -2.898 -0.02898 -928.5 -27.855 477 4 2 0.05
71.6 0 -2.9475 -0.029475 -943.5 -28.305 477 4 2 0.05
71.7 0 -2.973 -0.02973 -949.5 -28.485 477 4 2 0.05
71.8 0 -2.9835 -0.029835 -954.5 -28.635 477 4 2 0.05
71.9 0 -2.9925 -0.029925 -954.5 -28.635 477 4 2 0.05
72 0 -2.9925 -0.029925 -957 -28.71 477 4 2 0.05
72.1 0 -2.994 -0.02994 -956 -28.68 477 4 2 0.05
72.2 0 -2.994 -0.02994 -955.5 -28.665 477 4 2 0.05
72.3 0 -2.9955 -0.029955 -957 -28.71 477 4 2 0.05
72.4 0 -2.9925 -0.029925 -957 -28.71 477 4 2 0.05
72.5 0 -2.994 -0.02994 -957.5 -28.725 477 4 2 0.05
72.6 0 -2.9955 -0.029955 -957 -28.71 477 4 2 0.05
72.7 0 -2.9955 -0.029955 -957 -28.71 477 4 2 0.05
72.8 0 -2.9985 -0.029985 -957.5 -28.725 477 4 2 0.05
72.9 0 -2.994 -0.02994 -956.5 -28.695 477 4 2 0.05
73 0 -2.9985 -0.029985 -958 -28.74 477 4 2 0.05
73.1 0 -2.9955 -0.029955 -958 -28.74 477 4 2 0.05
73.2 0 -2.997 -0.02997 -957.5 -28.725 477 4 2 0.05
73.3 0 -2.9985 -0.029985 -956.5 -28.695 477 4 2 0.05
73.4 0 -2.997 -0.02997 -956.5 -28.695 477 4 2 0.05
73.5 0 -2.997 -0.02997 -956 -28.68 477 4 2 0.05
73.6 0 -2.997 -0.02997 -958 -28.74 477 4 2 0.05
73.7 0 -2.997 -0.02997 -956.5 -28.695 477 4 2 0.05
73.8 0 -2.9985 -0.029985 -956 -28.68 477 4 2 0.05
73.9 0 -2.997 -0.02997 -956 -28.68 477 4 2 0.05
74 0 -2.9985 -0.029985 -956 -28.68 477 4 2 0.05
74.1 0 -2.9985 -0.029985 -956.5 -28.695 477 4 2 0.05
74.2 0 -2.997 -0.02997 -958 -28.74 477 4 2 0.05
74.3 0 -2.9985 -0.029985 -956.5 -28.695 477 4 2 0.05
74.4 0 -3.0015 -0.030015 -956 -28.68 477 4 2 0.05
74.5 0 -2.997 -0.02997 -956 -28.68 477 4 2 0.05
74.6 0 -2.9985 -0.029985 -957.5 -28.725 477 4 2 0.05
74.7 0 -2.9985 -0.029985 -957.5 -28.725 477 4 2 0.05
74.8 0 -3 -0.03 -956 -28.68 477 4 2 0.05
74.9 0 -3 -0.03 -957.5 -28.725 477 4 2 0.05
75 0 -3 -0.03 -957 -28.71 477 4 2 0.05
75.1 0 -3 -0.03 -957.5 -28.725 477 4 2 0.05
75.2 0 -2.9985 -0.029985 -958 -28.74 477 4 2 0.05
75.3 0 -3.0015 -0.030015 -957 -28.71 477 4 2 0.05
75.4 0 -2.9985 -0.029985 -958 -28.74 477 4 2 0.05
75.5 0 -3 -0.03 -957 -28.71 477 4 2 0.05
75.6 0 -2.9985 -0.029985 -958 -28.74 477 4 2 0.05
75.7 0 -3 -0.03 -956.5 -28.695 477 4 2 0.05
75.8 0 -2.9985 -0.029985 -956.5 -28.695 477 4 2 0.05
75.9 0 -3 -0.03 -958.5 -28.755 477 4 2 0.05
76 0 -3 -0.03 -957 -28.71 477 4 2 0.05
76.1 0 -3 -0.03 -957 -28.71 477 4 2 0.05
76.2 0 -3.0015 -0.030015 -958 -28.74 477 4 2 0.05
76.3 0 -3.0015 -0.030015 -958 -28.74 477 4 2 0.05
76.4 0 -3.0015 -0.030015 -958.5 -28.755 477 4 2 0.05
76.5 0 -3.003 -0.03003 -957 -28.71 477 4 2 0.05
76.6 0 -3 -0.03 -958.5 -28.755 477 4 2 0.05
76.7 0 -3.0015 -0.030015 -957.5 -28.725 477 4 2 0.05
76.8 0 -3.0015 -0.030015 -957.5 -28.725 477 4 2 0.05
76.9 0 -3 -0.03 -958.5 -28.755 477 4 2 0.05
77 0 -3 -0.03 -956.5 -28.695 477 4 2 0.05
77.1 0 -3 -0.03 -958.5 -28.755 477 4 2 0.05
77.2 0 -3.0015 -0.030015 -956.5 -28.695 477 4 2 0.05
77.3 0 -3.0015 -0.030015 -957 -28.71 477 4 2 0.05
77.4 0 -3 -0.03 -957.5 -28.725 477 4 2 0.05
77.5 0 -3 -0.03 -958 -28.74 477 4 2 0.05
77.6 0 -3.0015 -0.030015 -958 -28.74 477 4 2 0.05
77.7 0 -3 -0.03 -958 -28.74 477 4 2 0.05
77.8 0 -3 -0.03 -958.5 -28.755 477 4 2 0.05
77.9 0 -3 -0.03 -956.5 -28.695 477 4 2 0.05
78 0 -3 -0.03 -958 -28.74 477 4 2 0.05
78.1 0 -2.9985 -0.029985 -957 -28.71 477 4 2 0.05
78.2 0 -3 -0.03 -958 -28.74 477 4 2 0.05
78.3 0 -3.0015 -0.030015 -958.5 -28.755 477 4 2 0.05
78.4 0 -3 -0.03 -958 -28.74 477 4 2 0.05
78.5 0 -3.0015 -0.030015 -958 -28.74 477 4 2 0.05
78.6 0 -3 -0.03 -956.5 -28.695 477 4 2 0.05
78.7 0 -3.0015 -0.030015 -958 -28.74 477 4 2 0.05
78.8 0 -3 -0.03 -958.5 -28.755 477 4 2 0.05
78.9 0 -2.9985 -0.029985 -956.5 -28.695 477 4 2 0.05
79 0 -3.0015 -0.030015 -958.5 -28.755 477 4 2 0.05
79.1 0 -3 -0.03 -956.5 -28.695 477 4 2 0.05
79.2 0 -2.9985 -0.029985 -958.5 -28.755 477 4 2 0.05
79.3 0 -3 -0.03 -958 -28.74 477 4 2 0.05
79.4 0 -3.0015 -0.030015 -958.5 -28.755 477 4 2 0.05
79.5 0 -3 -0.03 -958.5 -28.755 477 4 2 0.05
79.6 0 -3 -0.03 -958 -28.74 477 4 2 0.05
79.7 0 -3.0015 -0.030015 -958.5 -28.755 477 4 2 0.05
79.8 0 -3.0015 -0.030015 -958 -28.74 477 4 2 0.05
79.9 0 -3.0015 -0.030015 -957.5 -28.725 477 4 2 0.05
80 0 -3.0015 -0.030015 -958.5 -28.755 477 4 2 0.05
80.1 0 -3.0015 -0.030015 -958.5 -28.755 477 4 2 0.05
80.2 0 -2.9985 -0.029985 -957 -28.71 477 4 2 0.05
80.3 0 -2.9985 -0.029985 -959 -28.77 477 4 2 0.05
80.4 0 -2.9385 -0.029385 -952.5 -28.575 477 4 2 0.05
80.5 0 -2.9385 -0.029385 -953.5 -28.605 477 4 2 0.05
80.6 0 -2.904 -0.02904 -949.5 -28.485 477 4 2 0.05
80.7 0 -2.8065 -0.028065 -942 -28.26 477 4 2 0.05
80.8 0 -2.6805 -0.026805 -928.5 -27.855 477 4 2 0.05
80.9 0 -2.556 -0.02556 -912 -27.36 477 4 2 0.05
81 0 -2.502 -0.02502 -902.5 -27.075 477 4 2 0.05
81.1 0 -2.4795 -0.024795 -897.5 -26.925 477 4 2 0.05
81.2 0 -2.4525 -0.024525 -893.5 -26.805 477 4 2 0.05
81.3 0 -2.439 -0.02439 -890 -26.7 477 4 2 0.05
81.4 0 -2.418 -0.02418 -887 -26.61 477 4 2 0.05
81.5 0 -2.3835 -0.023835 -881.5 -26.445 477 4 2 0.05
81.6 0 -2.319 -0.02319 -872 -26.16 477 4 2 0.05
81.7 0 -2.2875 -0.022875 -864.5 -25.935 477 4 2 0.05
81.8 0 -2.2545 -0.022545 -858 -25.74 477 4 2 0.05
81.9 0 -2.208 -0.02208 -850 -25.5 477 4 2 0.05
82 0 -2.16 -0.0216 -840 -25.2 477 4 2 0.05
82.1 0 -2.151 -0.02151 -835 -25.05 477 4 2 0.05
82.2 0 -2.142 -0.02142 -833 -24.99 477 4 2 0.05
82.3 0 -2.121 -0.02121 -828.5 -24.855 477 4 2 0.05
82.4 0 -2.0625 -0.020625 -819.5 -24.585 477 4 2 0.05
82.5 0 -1.995 -0.01995 -804.5 -24.135 477 4 2 0.05
82.6 0 -1.9605 -0.019605 -794.5 -23.835 477 4 2 0.05
82.7 0 -1.896 -0.01896 -781 -23.43 477 4 2 0.05
82.8 0 -1.8285 -0.018285 -765 -22.95 477 4 2 0.05
82.9 0 -1.7895 -0.017895 -752.5 -22.575 477 4 2 0.05
83 0 -1.764 -0.01764 -743.5 -22.305 477 4 2 0.05
83.1 0 -1.749 -0.01749 -738.5 -22.155 477 4 2 0.05
83.2 0 -1.7265 -0.017265 -732 -21.96 477 4 2 0.05
83.3 0 -1.6905 -0.016905 -723.5 -21.705 477 4 2 0.05
83.4 0 -1.6365 -0.016365 -712 -21.36 477 4 2 0.05
83.5 0 -1.608 -0.01608 -701 -21.03 477 4 2 0.05
83.6 0 -1.5765 -0.015765 -690.5 -20.715 477 4 2 0.05
83.7 0 -1.5495 -0.015495 -683 -20.49 477 4 2 0.05
83.8 0 -1.5195 -0.015195 -674.5 -20.235 477 4 2 0.05
83.9 0 -1.485 -0.01485 -665 -19.95 477 4 2 0.05
84 0 -1.4595 -0.014595 -655.5 -19.665 477 4 2 0.05
84.1 0 -1.41 -0.0141 -643 -19.29 477 4 2 0.05
84.2 0 -1.338 -0.01338 -625 -18.75 477 4 2 0.05
84.3 0 -1.26 -0.0126 -602 -18.06 477 4 2 0.05
84.4 0 -1.206 -0.01206 -583.5 -17.505 477 4 2 0.05
84.5 0 -1.1625 -0.011625 -567.5 -17.025 477 4 2 0.05
84.6 0 -1.1175 -0.011175 -552.5 -16.575 477 4 2 0.05
84.7 0 -1.065 -0.01065 -535.5 -16.065 477 4 2 0.05
84.8 0 -1.0155 -0.010155 -518 -15.54 477 4 2 0.05
84.9 0 -0.963 -0.00963 -500 -15 477 4 2 0.05
85 0 -0.9045 -0.009045 -480.5 -14.415 477 4 2 0.05
85.1 0 -0.8385 -0.008385 -458 -13.74 477 4 2 0.05
85.2 0 -0.771 -0.00771 -433 -12.99 477 4 2 0.05
85.3 0 -0.6915 -0.006915 -404 -12.12 477 4 2 0.05
85.4 0 -0.618 -0.00618 -373 -11.19 477 4 2 0.05
85.5 0 -0.5385 -0.005385 -341 -10.23 477 4 2 0.05
85.6 0 -0.4725 -0.004725 -310.5 -9.315 477 4 2 0.05
85.7 0 -0.402 -0.00402 -280 -8.4 477 4 2 0.05
85.8 0 -0.339 -0.00339 -249 -7.47 477 4 2 0.05
85.9 0 -0.2745 -0.002745 -219.5 -6.585 477 4 2 0.05
86 0 -0.216 -0.00216 -192 -5.76 477 4 2 0.05
86.1 0 -0.147 -0.00147 -160.5 -4.815 477 4 2 0.05
86.2 0 -0.0765 -0.000765 -127 -3.81 477 4 2 0.05
86.3 0 -0.0105 -0.000105 -95 -2.85 477 4 2 0.05
86.4 0 0 0 -79 -2.37 477 4 2 0.05
86.5 0 0 0 -73 -2.19 477 4 2 0.05
86.6 0 -0.0015 -1.5E-05 -70 -2.1 477 4 2 0.05
86.7 0 0 0 -68.5 -2.055 477 4 2 0.05
86.8 0 0.0015 1.5E-05 -67.5 -2.025 477 4 2 0.05
86.9 0 0.0015 1.5E-05 -67 -2.01 477 4 2 0.05
87 0 0 0 -66.5 -1.995 477 4 2 0.05
87.1 0 0 0 -66.5 -1.995 477 4 2 0.05
87.2 0 0 0 -66 -1.98 477 4 2 0.05
87.3 0 0 0 -66 -1.98 477 4 2 0.05
87.4 0 0.003 3E-05 -66 -1.98 477 4 2 0.05
87.5 0 0 0 -65.5 -1.965 477 4 2 0.05
87.6 0 0 0 -65.5 -1.965 477 4 2 0.05
87.7 0 0 0 -65.5 -1.965 477 4 2 0.05
87.8 0 -0.0015 -1.5E-05 -65.5 -1.965 477 4 2 0.05
87.9 0 -0.0015 -1.5E-05 -65.5 -1.965 477 4 2 0.05
88 0 0 0 -65.5 -1.965 477 4 2 0.05
88.1 0 -0.0015 -1.5E-05 -65.5 -1.965 477 4 2 0.05
88.2 0 0 0 -65.5 -1.965 477 4 2 0.05
88.3 0 -0.0015 -1.5E-05 -65.5 -1.965 477 4 2 0.05
88.4 0 0.0015 1.5E-05 -65.5 -1.965 477 4 2 0.05
88.5 0 0 0 -65.5 -1.965 477 4 2 0.05
88.6 0 0 0 -65.5 -1.965 477 4 2 0.05
88.7 0 0 0 -65.5 -1.965 477 4 2 0.05
88.8 0 0 0 -65.5 -1.965 477 4 2 0.05
88.9 0 0 0 -65.5 -1.965 477 4 2 0.05
89 0 0 0 -65.5 -1.965 477 4 2 0.05
89.1 0 0 0 -65.5 -1.965 477 4 2 0.05
89.2 0 0 0 -65.5 -1.965 477 4 2 0.05
89.3 0 0 0 -65.5 -1.965 477 4 2 0.05
89.4 0 -0.003 -3E-05 -66 -1.98 477 4 2 0.05
89.5 0 -0.0015 -1.5E-05 -65.5 -1.965 477 4 2 0.05
89.6 0 0 0 -65.5 -1.965 477 4 2 0.05
89.7 0 0 0 -65.5 -1.965 477 4 2 0.05
89.8 0 0.0015 1.5E-05 -65.5 -1.965 477 4 2 0.05
89.9 0 0 0 -65.5 -1.965 477 4 2 0.05
90 0 0.0015 1.5E-05 -65.5 -1.965 477 4 2 0.05
90.1 0 0 0 -65.5 -1.965 477 4 2 0.05
90.2 0 0 0 -65.5 -1.965 477 4 2 0.05
90.3 0 0.0285 0.000285 -61 -1.83 477 4 2 0.05
90.4 0 0.0645 0.000645 -49.5 -1.485 477 4 2 0.05
90.5 0 0.1155 0.001155 -28.5 -0.855 477 4 2 0.05
90.6 0 0.1515 0.001515 -9 -0.27 477 4 2 0.05
90.7 0 0.195 0.00195 9.5 0.285 477 4 2 0.05
90.8 0 0.243 0.00243 31.5 0.945 477 4 2 0.05
90.9 0 0.288 0.00288 51.5 1.545 477 4 2 0.05
91 0 0.3405 0.003405 74.5 2.235 477 4 2 0.05
91.1 0 0.3765 0.003765 94 2.82 477 4 2 0.05
91.2 0 0.4065 0.004065 109.5 3.285 477 4 2 0.05
91.3 0 0.4365 0.004365 123 3.69 477 4 2 0.05
91.4 0 0.441 0.00441 131.5 3.945 477 4 2 0.05
91.5 0 0.4515 0.004515 137 4.11 477 4 2 0.05
91.6 0 0.51 0.0051 155 4.65 477 4 2 0.05
91.7 0 0.5715 0.005715 180 5.4 477 4 2 0.05
91.8 0 0.6135 0.006135 200 6 477 4 2 0.05
91.9 0 0.6585 0.006585 220 6.6 477 4 2 0.05
92 0 0.702 0.00702 239 7.17 477 4 2 0.05
92.1 0 0.7545 0.007545 260.5 7.815 477 4 2 0.05
92.2 0 0.8175 0.008175 285.5 8.565 477 4 2 0.05
92.3 0 0.8745 0.008745 310 9.3 477 4 2 0.05
92.4 0 0.927 0.00927 332 9.96 477 4 2 0.05
92.5 0 0.9825 0.009825 356 10.68 477 4 2 0.05
92.6 0 1.029 0.01029 376 11.28 477 4 2 0.05
92.7 0 1.0515 0.010515 390 11.7 477 4 2 0.05
92.8 0 1.074 0.01074 402.5 12.075 477 4 2 0.05
92.9 0 1.122 0.01122 417.5 12.525 477 4 2 0.05
93 0 1.1625 0.011625 435.5 13.065 477 4 2 0.05
93.1 0 1.236 0.01236 458.5 13.755 477 4 2 0.05
93.2 0 1.3035 0.013035 482 14.46 477 4 2 0.05
93.3 0 1.389 0.01389 510 15.3 477 4 2 0.05
93.4 0 1.4715 0.014715 538 16.14 477 4 2 0.05
93.5 0 1.554 0.01554 566 16.98 477 4 2 0.05
93.6 0 1.6395 0.016395 594 17.82 477 4 2 0.05
93.7 0 1.746 0.01746 626.5 18.795 477 4 2 0.05
93.8 0 1.8495 0.018495 658 19.74 477 4 2 0.05
93.9 0 1.9935 0.019935 696 20.88 477 4 2 0.05
94 0 2.109 0.02109 732 21.96 477 4 2 0.05
94.1 0 2.139 0.02139 752 22.56 477 4 2 0.05
94.2 0 2.136 0.02136 758.5 22.755 477 4 2 0.05
94.3 0 2.1345 0.021345 762 22.86 477 4 2 0.05
94.4 0 2.1345 0.021345 763 22.89 477 4 2 0.05
94.5 0 2.136 0.02136 764 22.92 477 4 2 0.05
94.6 0 2.1465 0.021465 764.5 22.935 477 4 2 0.05
94.7 0 2.184 0.02184 770.5 23.115 477 4 2 0.05
94.8 0 2.265 0.02265 786 23.58 477 4 2 0.05
94.9 0 2.358 0.02358 806 24.18 477 4 2 0.05
95 0 2.4255 0.024255 823.5 24.705 477 4 2 0.05
95.1 0 2.493 0.02493 839.5 25.185 477 4 2 0.05
95.2 0 2.6175 0.026175 862 25.86 477 4 2 0.05
95.3 0 2.7285 0.027285 886.5 26.595 477 4 2 0.05
95.4 0 2.8545 0.028545 910 27.3 477 4 2 0.05
95.5 0 2.9295 0.029295 927.5 27.825 477 4 2 0.05
95.6 0 2.9625 0.029625 936.5 28.095 477 4 2 0.05
95.7 0 2.976 0.02976 940.5 28.215 477 4 2 0.05
95.8 0 2.982 0.02982 942.5 28.275 477 4 2 0.05
95.9 0 2.9865 0.029865 943.5 28.305 477 4 2 0.05
96 0 2.9865 0.029865 944 28.32 477 4 2 0.05
96.1 0 2.9895 0.029895 944.5 28.335 477 4 2 0.05
96.2 0 2.9895 0.029895 944.5 28.335 477 4 2 0.05
96.3 0 2.991 0.02991 944.5 28.335 477 4 2 0.05
96.4 0 2.991 0.02991 944.5 28.335 477 4 2 0.05
96.5 0 2.991 0.02991 945 28.35 477 4 2 0.05
96.6 0 2.9925 0.029925 945 28.35 477 4 2 0.05
96.7 0 2.994 0.02994 945 28.35 477 4 2 0.05
96.8 0 2.991 0.02991 945 28.35 477 4 2 0.05
96.9 0 2.991 0.02991 945 28.35 477 4 2 0.05
97 0 2.991 0.02991 945 28.35 477 4 2 0.05
97.1 0 2.994 0.02994 945 28.35 477 4 2 0.05
97.2 0 2.994 0.02994 945 28.35 477 4 2 0.05
97.3 0 2.9925 0.029925 945 28.35 477 4 2 0.05
97.4 0 2.9925 0.029925 945 28.35 477 4 2 0.05
97.5 0 2.994 0.02994 945.5 28.365 477 4 2 0.05
97.6 0 2.994 0.02994 945 28.35 477 4 2 0.05
97.7 0 2.9925 0.029925 945 28.35 477 4 2 0.05
97.8 0 2.994 0.02994 945 28.35 477 4 2 0.05
97.9 0 2.9925 0.029925 945.5 28.365 477 4 2 0.05
98 0 2.991 0.02991 945 28.35 477 4 2 0.05
98.1 0 2.9925 0.029925 945.5 28.365 477 4 2 0.05
98.2 0 2.991 0.02991 945.5 28.365 477 4 2 0.05
98.3 0 2.994 0.02994 945.5 28.365 477 4 2 0.05
98.4 0 2.9955 0.029955 945.5 28.365 477 4 2 0.05
98.5 0 2.994 0.02994 945.5 28.365 477 4 2 0.05
98.6 0 2.847 0.02847 934.5 28.035 477 4 2 0.05
98.7 0 2.691 0.02691 918.5 27.555 477 4 2 0.05
98.8 0 2.547 0.02547 901 27.03 477 4 2 0.05
98.9 0 2.442 0.02442 884.5 26.535 477 4 2 0.05
99 0 2.3655 0.023655 870 26.1 477 4 2 0.05
99.1 0 2.289 0.02289 856.5 25.695 477 4 2 0.05
99.2 0 2.199 0.02199 841 25.23 477 4 2 0.05
99.3 0 2.0835 0.020835 819 24.57 477 4 2 0.05
99.4 0 1.9635 0.019635 793 23.79 477 4 2 0.05
99.5 0 1.8405 0.018405 764.5 22.935 477 4 2 0.05
99.6 0 1.707 0.01707 730 21.9 477 4 2 0.05
99.7 0 1.5525 0.015525 691 20.73 477 4 2 0.05
99.8 0 1.3995 0.013995 647 19.41 477 4 2 0.05
99.9 0 1.2645 0.012645 604 18.12 477 4 2 0.05
100 0 1.1385 0.011385 562 16.86 477 4 2 0.05
100.1 0 1.0305 0.010305 524 15.72 477 4 2 0.05
100.2 0 0.933 0.00933 488.5 14.655 477 4 2 0.05
100.3 0 0.8385 0.008385 453.5 13.605 477 4 2 0.05
100.4 0 0.711 0.00711 407 12.21 477 4 2 0.05
100.5 0 0.588 0.00588 357.5 10.725 477 4 2 0.05
100.6 0 0.48 0.0048 310.5 9.315 477 4 2 0.05
100.7 0 0.4155 0.004155 275 8.25 477 4 2 0.05
100.8 0 0.273 0.00273 219.5 6.585 477 4 2 0.05
100.9 0 0.1515 0.001515 160 4.8 477 4 2 0.05
101 0 0.093 0.00093 127 3.81 477 4 2 0.05
101.1 0 0.027 0.00027 94 2.82 477 4 2 0.05
101.2 0 0 0 72 2.16 477 4 2 0.05
101.3 0 0 0 64 1.92 477 4 2 0.05
101.4 0 0 0 60 1.8 477 4 2 0.05
101.5 0 -0.003 -3E-05 58 1.74 477 4 2 0.05
101.6 0 -0.003 -3E-05 56.5 1.695 477 4 2 0.05
101.7 0 0.0015 1.5E-05 55.5 1.665 477 4 2 0.05
101.8 0 -0.0015 -1.5E-05 55 1.65 477 4 2 0.05
101.9 0 0 0 54.5 1.635 477 4 2 0.05
102 0 0 0 54 1.62 477 4 2 0.05
102.1 0 0.0015 1.5E-05 54 1.62 477 4 2 0.05
102.2 0 0 0 54 1.62 477 4 2 0.05
102.3 0 0 0 54 1.62 477 4 2 0.05
102.4 0 0 0 54 1.62 477 4 2 0.05
102.5 0 0 0 54 1.62 477 4 2 0.05
102.6 0 0 0 54 1.62 477 4 2 0.05
102.7 0 0 0 53.5 1.605 477 4 2 0.05
102.8 0 0 0 54 1.62 477 4 2 0.05
102.9 0 -0.0015 -1.5E-05 53.5 1.605 477 4 2 0.05
103 0 0.0015 1.5E-05 53.5 1.605 477 4 2 0.05
103.1 0 0.003 3E-05 53.5 1.605 477 4 2 0.05
103.2 0 0 0 54 1.62 477 4 2 0.05
103.3 0 -0.099 -0.00099 31 0.93 477 4 2 0.05
103.4 0 -0.1815 -0.001815 -5 -0.15 477 4 2 0.05
103.5 0 -0.2835 -0.002835 -49 -1.47 477 4 2 0.05
103.6 0 -0.3795 -0.003795 -91.5 -2.745 477 4 2 0.05
103.7 0 -0.453 -0.00453 -125.5 -3.765 477 4 2 0.05
103.8 0 -0.5025 -0.005025 -154 -4.62 477 4 2 0.05
103.9 0 -0.561 -0.00561 -179 -5.37 477 4 2 0.05
104 0 -0.633 -0.00633 -209 -6.27 477 4 2 0.05
104.1 0 -0.741 -0.00741 -249 -7.47 477 4 2 0.05
104.2 0 -0.8145 -0.008145 -285.5 -8.565 477 4 2 0.05
104.3 0 -0.864 -0.00864 -311 -9.33 477 4 2 0.05
104.4 0 -0.936 -0.00936 -338 -10.14 477 4 2 0.05
104.5 0 -1.053 -0.01053 -378.5 -11.355 477 4 2 0.05
104.6 0 -1.143 -0.01143 -416.5 -12.495 477 4 2 0.05
104.7 0 -1.239 -0.01239 -452.5 -13.575 477 4 2 0.05
104.8 0 -1.3785 -0.013785 -498 -14.94 477 4 2 0.05
104.9 0 -1.5075 -0.015075 -543 -16.29 477 4 2 0.05
105 0 -1.638 -0.01638 -588.5 -17.655 477 4 2 0.05
105.1 0 -1.758 -0.01758 -629.5 -18.885 477 4 2 0.05
105.2 0 -1.8885 -0.018885 -671 -20.13 477 4 2 0.05
105.3 0 -2.0145 -0.020145 -710.5 -21.315 477 4 2 0.05
105.4 0 -2.0445 -0.020445 -734 -22.02 477 4 2 0.05
105.5 0 -2.043 -0.02043 -743.5 -22.305 477 4 2 0.05
105.6 0 -2.0445 -0.020445 -748 -22.44 477 4 2 0.05
105.7 0 -2.043 -0.02043 -750 -22.5 477 4 2 0.05
105.8 0 -2.0445 -0.020445 -750.5 -22.515 477 4 2 0.05
105.9 0 -2.064 -0.02064 -753 -22.59 477 4 2 0.05
106 0 -2.112 -0.02112 -761 -22.83 477 4 2 0.05
106.1 0 -2.202 -0.02202 -779.5 -23.385 477 4 2 0.05
106.2 0 -2.2575 -0.022575 -794.5 -23.835 477 4 2 0.05
106.3 0 -2.3475 -0.023475 -814 -24.42 477 4 2 0.05
106.4 0 -2.466 -0.02466 -838.5 -25.155 477 4 2 0.05
106.5 0 -2.5665 -0.025665 -863 -25.89 477 4 2 0.05
106.6 0 -2.652 -0.02652 -883.5 -26.505 477 4 2 0.05
106.7 0 -2.73 -0.0273 -901 -27.03 477 4 2 0.05
106.8 0 -2.841 -0.02841 -920 -27.6 477 4 2 0.05
106.9 0 -2.9325 -0.029325 -938 -28.14 477 4 2 0.05
107 0 -2.964 -0.02964 -948.5 -28.455 477 4 2 0.05
107.1 0 -2.979 -0.02979 -953.5 -28.605 477 4 2 0.05
107.2 0 -2.9895 -0.029895 -954 -28.62 477 4 2 0.05
107.3 0 -2.991 -0.02991 -956 -28.68 477 4 2 0.05
107.4 0 -2.994 -0.02994 -957 -28.71 477 4 2 0.05
107.5 0 -2.994 -0.02994 -956 -28.68 477 4 2 0.05
107.6 0 -2.994 -0.02994 -957.5 -28.725 477 4 2 0.05
107.7 0 -2.9955 -0.029955 -957 -28.71 477 4 2 0.05
107.8 0 -2.9955 -0.029955 -956.5 -28.695 477 4 2 0.05
107.9 0 -2.994 -0.02994 -956.5 -28.695 477 4 2 0.05
108 0 -2.9955 -0.029955 -956.5 -28.695 477 4 2 0.05
108.1 0 -2.997 -0.02997 -956.5 -28.695 477 4 2 0.05
108.2 0 -2.997 -0.02997 -957.5 -28.725 477 4 2 0.05
108.3 0 -2.9955 -0.029955 -955.5 -28.665 477 4 2 0.05
108.4 0 -2.9955 -0.029955 -957.5 -28.725 477 4 2 0.05
108.5 0 -2.997 -0.02997 -957.5 -28.725 477 4 2 0.05
108.6 0 -2.997 -0.02997 -956.5 -28.695 477 4 2 0.05
108.7 0 -2.9985 -0.029985 -956 -28.68 477 4 2 0.05
108.8 0 -2.997 -0.02997 -956.5 -28.695 477 4 2 0.05
108.9 0 -2.9955 -0.029955 -958 -28.74 477 4 2 0.05
109 0 -2.997 -0.02997 -956 -28.68 477 4 2 0.05
109.1 0 -2.997 -0.02997 -956 -28.68 477 4 2 0.05
109.2 0 -2.997 -0.02997 -956.5 -28.695 477 4 2 0.05
109.3 0 -2.9985 -0.029985 -958 -28.74 477 4 2 0.05
109.4 0 -2.9985 -0.029985 -957 -28.71 477 4 2 0.05
109.5 0 -2.9985 -0.029985 -957 -28.71 477 4 2 0.05
109.6 0 -2.997 -0.02997 -958 -28.74 477 4 2 0.05
109.7 0 -2.997 -0.02997 -957 -28.71 477 4 2 0.05
109.8 0 -2.997 -0.02997 -958 -28.74 477 4 2 0.05
109.9 0 -2.997 -0.02997 -956.5 -28.695 477 4 2 0.05
110 0 -2.9985 -0.029985 -956 -28.68 477 4 2 0.05
110.1 0 -2.9985 -0.029985 -957 -28.71 477 4 2 0.05
110.2 0 -2.9985 -0.029985 -957 -28.71 477 4 2 0.05
110.3 0 -2.9985 -0.029985 -957 -28.71 477 4 2 0.05
110.4 0 -3 -0.03 -956.5 -28.695 477 4 2 0.05
110.5 0 -3 -0.03 -956.5 -28.695 477 4 2 0.05
110.6 0 -2.9985 -0.029985 -957.5 -28.725 477 4 2 0.05
110.7 0 -2.9985 -0.029985 -957 -28.71 477 4 2 0.05
110.8 0 -2.997 -0.02997 -957.5 -28.725 477 4 2 0.05
110.9 0 -2.997 -0.02997 -956.5 -28.695 477 4 2 0.05
111 0 -2.9985 -0.029985 -958.5 -28.755 477 4 2 0.05
111.1 0 -2.9985 -0.029985 -957.5 -28.725 477 4 2 0.05
111.2 0 -3 -0.03 -957.5 -28.725 477 4 2 0.05
111.3 0 -3.0015 -0.030015 -957 -28.71 477 4 2 0.05
111.4 0 -3 -0.03 -956.5 -28.695 477 4 2 0.05
111.5 0 -2.988 -0.02988 -955.5 -28.665 477 4 2 0.05
111.6 0 -2.9115 -0.029115 -951 -28.53 477 4 2 0.05
111.7 0 -2.8575 -0.028575 -946.5 -28.395 477 4 2 0.05
111.8 0 -2.8035 -0.028035 -939.5 -28.185 477 4 2 0.05
111.9 0 -2.7285 -0.027285 -933.5 -28.005 477 4 2 0.05
112 0 -2.649 -0.02649 -924 -27.72 477 4 2 0.05
112.1 0 -2.5455 -0.025455 -910.5 -27.315 477 4 2 0.05
112.2 0 -2.4465 -0.024465 -896 -26.88 477 4 2 0.05
112.3 0 -2.34 -0.0234 -879 -26.37 477 4 2 0.05
112.4 0 -2.2335 -0.022335 -860 -25.8 477 4 2 0.05
112.5 0 -2.1525 -0.021525 -842 -25.26 477 4 2 0.05
112.6 0 -2.0475 -0.020475 -821 -24.63 477 4 2 0.05
112.7 0 -1.959 -0.01959 -800 -24 477 4 2 0.05
112.8 0 -1.89 -0.0189 -782 -23.46 477 4 2 0.05
112.9 0 -1.8315 -0.018315 -765.5 -22.965 477 4 2 0.05
113 0 -1.7655 -0.017655 -748.5 -22.455 477 4 2 0.05
113.1 0 -1.6755 -0.016755 -727.5 -21.825 477 4 2 0.05
113.2 0 -1.572 -0.01572 -700 -21 477 4 2 0.05
113.3 0 -1.4715 -0.014715 -671.5 -20.145 477 4 2 0.05
113.4 0 -1.3935 -0.013935 -646 -19.38 477 4 2 0.05
113.5 0 -1.3065 -0.013065 -619.5 -18.585 477 4 2 0.05
113.6 0 -1.2165 -0.012165 -592 -17.76 477 4 2 0.05
113.7 0 -1.1205 -0.011205 -562 -16.86 477 4 2 0.05
113.8 0 -1.0155 -0.010155 -528 -15.84 477 4 2 0.05
113.9 0 -0.9195 -0.009195 -493 -14.79 477 4 2 0.05
114 0 -0.825 -0.00825 -457.5 -13.725 477 4 2 0.05
114.1 0 -0.723 -0.00723 -420.5 -12.615 477 4 2 0.05
114.2 0 -0.6315 -0.006315 -383.5 -11.505 477 4 2 0.05
114.3 0 -0.543 -0.00543 -345.5 -10.365 477 4 2 0.05
114.4 0 -0.4545 -0.004545 -307 -9.21 477 4 2 0.05
114.5 0 -0.375 -0.00375 -269.5 -8.085 477 4 2 0.05
114.6 0 -0.294 -0.00294 -232.5 -6.975 477 4 2 0.05
114.7 0 -0.2115 -0.002115 -194 -5.82 477 4 2 0.05
114.8 0 -0.129 -0.00129 -155.5 -4.665 477 4 2 0.05
114.9 0 -0.054 -0.00054 -118.5 -3.555 477 4 2 0.05
115 0 -0.003 -3E-05 -90.5 -2.715 477 4 2 0.05
115.1 0 0.0015 1.5E-05 -77.5 -2.325 477 4 2 0.05
115.2 0 0 0 -72.5 -2.175 477 4 2 0.05
115.3 0 0.0015 1.5E-05 -70 -2.1 477 4 2 0.05
115.4 0 0 0 -68.5 -2.055 477 4 2 0.05
115.5 0 0.0015 1.5E-05 -67 -2.01 477 4 2 0.05
115.6 0 0 0 -66.5 -1.995 477 4 2 0.05
115.7 0 -0.0015 -1.5E-05 -66 -1.98 477 4 2 0.05
115.8 0 0 0 -66 -1.98 477 4 2 0.05
115.9 0 0 0 -65.5 -1.965 477 4 2 0.05
116 0 0.0015 1.5E-05 -65.5 -1.965 477 4 2 0.05
116.1 0 0 0 -65.5 -1.965 477 4 2 0.05
116.2 0 -0.0015 -1.5E-05 -65.5 -1.965 477 4 2 0.05
116.3 0 -0.0015 -1.5E-05 -65.5 -1.965 477 4 2 0.05
116.4 0 0 0 -65 -1.95 477 4 2 0.05
116.5 0 -0.0015 -1.5E-05 -65 -1.95 477 4 2 0.05
116.6 0 -0.0015 -1.5E-05 -65.5 -1.965 477 4 2 0.05
116.7 0 0 0 -65 -1.95 477 4 2 0.05
116.8 0 0 0 -65 -1.95 477 4 2 0.05
116.9 0 0 0 -65 -1.95 477 4 2 0.05
117 0 0.0015 1.5E-05 -65 -1.95 477 4 2 0.05
117.1 0 0 0 -65 -1.95 477 4 2 0.05
117.2 0 0 0 -65 -1.95 477 4 2 0.05
117.3 0 0 0 -65 -1.95 477 4 2 0.05
117.4 0 0 0 -65 -1.95 477 4 2 0.05
117.5 0 0.0015 1.5E-05 -65 -1.95 477 4 2 0.05
117.6 0 0 0 -65 -1.95 477 4 2 0.05
117.7 0 0.0015 1.5E-05 -65 -1.95 477 4 2 0.05
117.8 0 0.0195 0.000195 -62.5 -1.875 477 4 2 0.05
117.9 0 0.0615 0.000615 -50 -1.5 477 4 2 0.05
118 0 0.111 0.00111 -31 -0.93 477 4 2 0.05
118.1 0 0.153 0.00153 -10 -0.3 477 4 2 0.05
118.2 0 0.204 0.00204 11 0.33 477 4 2 0.05
118.3 0 0.273 0.00273 40.5 1.215 477 4 2 0.05
118.4 0 0.3435 0.003435 71 2.13 477 4 2 0.05
118.5 0 0.4215 0.004215 105.5 3.165 477 4 2 0.05
118.6 0 0.483 0.00483 134 4.02 477 4 2 0.05
118.7 0 0.543 0.00543 161 4.83 477 4 2 0.05
118.8 0 0.6135 0.006135 191 5.73 477 4 2 0.05
118.9 0 0.69 0.0069 222.5 6.675 477 4 2 0.05
119 0 0.7545 0.007545 252 7.56 477 4 2 0.05
119.1 0 0.846 0.00846 287.5 8.625 477 4 2 0.05
119.2 0 0.9315 0.009315 322.5 9.675 477 4 2 0.05
119.3 0 1.0065 0.010065 354.5 10.635 477 4 2 0.05
119.4 0 1.059 0.01059 380.5 11.415 477 4 2 0.05
119.5 0 1.104 0.01104 402.5 12.075 477 4 2 0.05
119.6 0 1.182 0.01182 429 12.87 477 4 2 0.05
119.7 0 1.3065 0.013065 469.5 14.085 477 4 2 0.05
119.8 0 1.3935 0.013935 503.5 15.105 477 4 2 0.05
119.9 0 1.4535 0.014535 530 15.9 477 4 2 0.05
120 0 1.512 0.01512 553.5 16.605 477 4 2 0.05
120.1 0 1.59 0.0159 579.5 17.385 477 4 2 0.05
120.2 0 1.6785 0.016785 607.5 18.225 477 4 2 0.05
120.3 0 1.7685 0.017685 636 19.08 477 4 2 0.05
120.4 0 1.854 0.01854 663.5 19.905 477 4 2 0.05
120.5 0 1.9275 0.019275 687.5 20.625 477 4 2 0.05
120.6 0 2.0145 0.020145 712 21.36 477 4 2 0.05
120.7 0 2.1195 0.021195 739 22.17 477 4 2 0.05
120.8 0 2.2215 0.022215 766.5 22.995 477 4 2 0.05
120.9 0 2.337 0.02337 794.5 23.835 477 4 2 0.05
121 0 2.46 0.0246 824.5 24.735 477 4 2 0.05
121.1 0 2.6085 0.026085 856 25.68 477 4 2 0.05
121.2 0 2.7 0.027 881 26.43 477 4 2 0.05
121.3 0 2.772 0.02772 898 26.94 477 4 2 0.05
121.4 0 2.856 0.02856 914.5 27.435 477 4 2 0.05
121.5 0 2.916 0.02916 926.5 27.795 477 4 2 0.05
121.6 0 2.9535 0.029535 935.5 28.065 477 4 2 0.05
121.7 0 2.9715 0.029715 940 28.2 477 4 2 0.05
121.8 0 2.9775 0.029775 942 28.26 477 4 2 0.05
121.9 0 2.9835 0.029835 943 28.29 477 4 2 0.05
122 0 2.985 0.02985 943.5 28.305 477 4 2 0.05
122.1 0 2.9865 0.029865 943.5 28.305 477 4 2 0.05
122.2 0 2.988 0.02988 944 28.32 477 4 2 0.05
122.3 0 2.988 0.02988 944 28.32 477 4 2 0.05
122.4 0 2.988 0.02988 944 28.32 477 4 2 0.05
122.5 0 2.9895 0.029895 944.5 28.335 477 4 2 0.05
122.6 0 2.988 0.02988 944.5 28.335 477 4 2 0.05
122.7 0 2.9895 0.029895 944.5 28.335 477 4 2 0.05
122.8 0 2.9895 0.029895 944 28.32 477 4 2 0.05
122.9 0 2.991 0.02991 944.5 28.335 477 4 2 0.05
123 0 2.9895 0.029895 944.5 28.335 477 4 2 0.05
123.1 0 2.9895 0.029895 944.5 28.335 477 4 2 0.05
123.2 0 2.991 0.02991 945 28.35 477 4 2 0.05
123.3 0 2.994 0.02994 944.5 28.335 477 4 2 0.05
123.4 0 2.9895 0.029895 945 28.35 477 4 2 0.05
123.5 0 2.991 0.02991 945 28.35 477 4 2 0.05
123.6 0 2.9925 0.029925 945 28.35 477 4 2 0.05
123.7 0 2.943 0.02943 942 28.26 477 4 2 0.05
123.8 0 2.829 0.02829 932.5 27.975 477 4 2 0.05
123.9 0 2.7135 0.027135 920 27.6 477 4 2 0.05
124 0 2.571 0.02571 904 27.12 477 4 2 0.05
124.1 0 2.4315 0.024315 884.5 26.535 477 4 2 0.05
124.2 0 2.301 0.02301 862.5 25.875 477 4 2 0.05
124.3 0 2.1705 0.021705 838.5 25.155 477 4 2 0.05
124.4 0 2.0415 0.020415 812 24.36 477 4 2 0.05
124.5 0 1.8915 0.018915 779.5 23.385 477 4 2 0.05
124.6 0 1.809 0.01809 753.5 22.605 477 4 2 0.05
124.7 0 1.7355 0.017355 732.5 21.975 477 4 2 0.05
124.8 0 1.65 0.0165 709 21.27 477 4 2 0.05
124.9 0 1.5645 0.015645 685.5 20.565 477 4 2 0.05
125 0 1.485 0.01485 661.5 19.845 477 4 2 0.05
125.1 0 1.4325 0.014325 643.5 19.305 477 4 2 0.05
125.2 0 1.3845 0.013845 626.5 18.795 477 4 2 0.05
125.3 0 1.32 0.0132 608.5 18.255 477 4 2 0.05
125.4 0 1.263 0.01263 590 17.7 477 4 2 0.05
125.5 0 1.179 0.01179 566 16.98 477 4 2 0.05
125.6 0 1.0935 0.010935 539.5 16.185 477 4 2 0.05
125.7 0 0.996 0.00996 507.5 15.225 477 4 2 0.05
125.8 0 0.8925 0.008925 472 14.16 477 4 2 0.05
125.9 0 0.783 0.00783 432.5 12.975 477 4 2 0.05
126 0 0.6885 0.006885 395 11.85 477 4 2 0.05
126.1 0 0.585 0.00585 353.5 10.605 477 4 2 0.05
126.2 0 0.4635 0.004635 304.5 9.135 477 4 2 0.05
126.3 0 0.354 0.00354 253 7.59 477 4 2 0.05
126.4 0 0.234 0.00234 199 5.97 477 4 2 0.05
126.5 0 0.135 0.00135 150.5 4.515 477 4 2 0.05
126.6 0 0.0525 0.000525 109.5 3.285 477 4 2 0.05
126.7 0 0.0045 4.5E-05 80.5 2.415 477 4 2 0.05
126.8 0 -0.0015 -1.5E-05 67 2.01 477 4 2 0.05
126.9 0 0.0015 1.5E-05 61.5 1.845 477 4 2 0.05
127 0 0.0015 1.5E-05 58.5 1.755 477 4 2 0.05
127.1 0 0 0 57 1.71 477 4 2 0.05
127.2 0 0 0 56 1.68 477 4 2 0.05
127.3 0 -0.0015 -1.5E-05 55 1.65 477 4 2 0.05
127.4 0 -0.0015 -1.5E-05 54.5 1.635 477 4 2 0.05
127.5 0 0 0 54.5 1.635 477 4 2 0.05
127.6 0 0.0015 1.5E-05 54 1.62 477 4 2 0.05
127.7 0 0 0 54 1.62 477 4 2 0.05
127.8 0 -0.0015 -1.5E-05 54 1.62 477 4 2 0.05
127.9 0 0 0 53.5 1.605 477 4 2 0.05
128 0 0.003 3E-05 53.5 1.605 477 4 2 0.05
128.1 0 0.0015 1.5E-05 53.5 1.605 477 4 2 0.05
128.2 0 0.0015 1.5E-05 53.5 1.605 477 4 2 0.05
128.3 0 0 0 53.5 1.605 477 4 2 0.05
128.4 0 0 0 53.5 1.605 477 4 2 0.05
128.5 0 0 0 53.5 1.605 477 4 2 0.05
128.6 0 0 0 53.5 1.605 477 4 2 0.05
128.7 0 0 0 53.5 1.605 477 4 2 0.05
128.8 0 0 0 53.5 1.605 477 4 2 0.05
128.9 0 0.0015 1.5E-05 54 1.62 477 4 2 0.05
129 0 0 0 53.5 1.605 477 4 2 0.05
129.1 0 -0.0015 -1.5E-05 53.5 1.605 477 4 2 0.05
129.2 0 -0.0015 -1.5E-05 53.5 1.605 477 4 2 0.05
129.3 0 0.0015 1.5E-05 53.5 1.605 477 4 2 0.05
129.4 0 0.003 3E-05 53.5 1.605 477 4 2 0.05
129.5 0 0 0 53.5 1.605 477 4 2 0.05
129.6 0 0 0 53.5 1.605 477 4 2 0.05
129.7 0 0 0 53.5 1.605 477 4 2 0.05
129.8 0 0 0 53.5 1.605 477 4 2 0.05
129.9 0 -0.0285 -0.000285 49 1.47 477 4 2 0.05
130 0 -0.0705 -0.000705 36 1.08 477 4 2 0.05
130.1 0 -0.1185 -0.001185 17.5 0.525 477 4 2 0.05
130.2 0 -0.165 -0.00165 -4.5 -0.135 477 4 2 0.05
130.3 0 -0.237 -0.00237 -34.5 -1.035 477 4 2 0.05
130.4 0 -0.2925 -0.002925 -62 -1.86 477 4 2 0.05
130.5 0 -0.357 -0.00357 -90 -2.7 477 4 2 0.05
130.6 0 -0.438 -0.00438 -122.5 -3.675 477 4 2 0.05
130.7 0 -0.522 -0.00522 -158.5 -4.755 477 4 2 0.05
130.8 0 -0.576 -0.00576 -186 -5.58 477 4 2 0.05
130.9 0 -0.6345 -0.006345 -212.5 -6.375 477 4 2 0.05
131 0 -0.7035 -0.007035 -240.5 -7.215 477 4 2 0.05
131.1 0 -0.7785 -0.007785 -272 -8.16 477 4 2 0.05
131.2 0 -0.825 -0.00825 -296 -8.88 477 4 2 0.05
131.3 0 -0.882 -0.00882 -320 -9.6 477 4 2 0.05
131.4 0 -0.9585 -0.009585 -348 -10.44 477 4 2 0.05
131.5 0 -1.065 -0.01065 -386 -11.58 477 4 2 0.05
131.6 0 -1.164 -0.01164 -424 -12.72 477 4 2 0.05
131.7 0 -1.266 -0.01266 -462.5 -13.875 477 4 2 0.05
131.8 0 -1.3635 -0.013635 -499.5 -14.985 477 4 2 0.05
131.9 0 -1.455 -0.01455 -534 -16.02 477 4 2 0.05
132 0 -1.5615 -0.015615 -569.5 -17.085 477 4 2 0.05
132.1 0 -1.6875 -0.016875 -609.5 -18.285 477 4 2 0.05
132.2 0 -1.845 -0.01845 -655 -19.65 477 4 2 0.05
132.3 0 -2.0265 -0.020265 -705.5 -21.165 477 4 2 0.05
132.4 0 -2.2155 -0.022155 -758 -22.74 477 4 2 0.05
132.5 0 -2.391 -0.02391 -806.5 -24.195 477 4 2 0.05
132.6 0 -2.5485 -0.025485 -848 -25.44 477 4 2 0.05
132.7 0 -2.703 -0.02703 -884.5 -26.535 477 4 2 0.05
132.8 0 -2.8605 -0.028605 -918 -27.54 477 4 2 0.05
132.9 0 -2.9265 -0.029265 -937 -28.11 477 4 2 0.05
133 0 -2.961 -0.02961 -948.5 -28.455 477 4 2 0.05
133.1 0 -2.979 -0.02979 -951 -28.53 477 4 2 0.05
133.2 0 -2.9865 -0.029865 -955 -28.65 477 4 2 0.05
133.3 0 -2.9895 -0.029895 -956 -28.68 477 4 2 0.05
133.4 0 -2.9895 -0.029895 -956 -28.68 477 4 2 0.05
133.5 0 -2.9925 -0.029925 -955 -28.65 477 4 2 0.05
133.6 0 -2.994 -0.02994 -956.5 -28.695 477 4 2 0.05
133.7 0 -2.9955 -0.029955 -956.5 -28.695 477 4 2 0.05
133.8 0 -2.994 -0.02994 -955.5 -28.665 477 4 2 0.05
133.9 0 -2.994 -0.02994 -956 -28.68 477 4 2 0.05
134 0 -2.9955 -0.029955 -957 -28.71 477 4 2 0.05
134.1 0 -2.9955 -0.029955 -956.5 -28.695 477 4 2 0.05
134.2 0 -2.994 -0.02994 -957.5 -28.725 477 4 2 0.05
134.3 0 -2.994 -0.02994 -956 -28.68 477 4 2 0.05
134.4 0 -2.997 -0.02997 -956.5 -28.695 477 4 2 0.05
134.5 0 -2.9955 -0.029955 -956 -28.68 477 4 2 0.05
134.6 0 -2.9955 -0.029955 -956 -28.68 477 4 2 0.05
134.7 0 -2.9955 -0.029955 -957 -28.71 477 4 2 0.05
134.8 0 -2.9955 -0.029955 -956.5 -28.695 477 4 2 0.05
134.9 0 -2.9955 -0.029955 -956.5 -28.695 477 4 2 0.05
135 0 -2.997 -0.02997 -956 -28.68 477 4 2 0.05
135.1 0 -2.997 -0.02997 -957.5 -28.725 477 4 2 0.05
135.2 0 -2.9985 -0.029985 -958 -28.74 477 4 2 0.05
135.3 0 -2.997 -0.02997 -957 -28.71 477 4 2 0.05
135.4 0 -2.9985 -0.029985 -958 -28.74 477 4 2 0.05
135.5 0 -2.997 -0.02997 -958 -28.74 477 4 2 0.05
135.6 0 -2.9985 -0.029985 -957.5 -28.725 477 4 2 0.05
135.7 0 -2.9955 -0.029955 -957.5 -28.725 477 4 2 0.05
135.8 0 -2.997 -0.02997 -957 -28.71 477 4 2 0.05
135.9 0 -2.9985 -0.029985 -958 -28.74 477 4 2 0.05
136 0 -2.9865 -0.029865 -957.5 -28.725 477 4 2 0.05
136.1 0 -2.9865 -0.029865 -956.5 -28.695 477 4 2 0.05
136.2 0 -2.988 -0.02988 -957 -28.71 477 4 2 0.05
136.3 0 -2.985 -0.02985 -956 -28.68 477 4 2 0.05
136.4 0 -2.988 -0.02988 -956 -28.68 477 4 2 0.05
136.5 0 -2.988 -0.02988 -957 -28.71 477 4 2 0.05
136.6 0 -2.985 -0.02985 -955.5 -28.665 477 4 2 0.05
136.7 0 -2.9865 -0.029865 -957 -28.71 477 4 2 0.05
136.8 0 -2.988 -0.02988 -955.5 -28.665 477 4 2 0.05
136.9 0 -2.9895 -0.029895 -956 -28.68 477 4 2 0.05
137 0 -2.9895 -0.029895 -957.5 -28.725 477 4 2 0.05
137.1 0 -2.991 -0.02991 -957 -28.71 477 4 2 0.05
137.2 0 -2.9895 -0.029895 -957.5 -28.725 477 4 2 0.05
137.3 0 -2.988 -0.02988 -956 -28.68 477 4 2 0.05
137.4 0 -2.988 -0.02988 -956 -28.68 477 4 2 0.05
137.5 0 -2.9895 -0.029895 -957.5 -28.725 477 4 2 0.05
137.6 0 -2.991 -0.02991 -957 -28.71 477 4 2 0.05
137.7 0 -2.9895 -0.029895 -955.5 -28.665 477 4 2 0.05
137.8 0 -2.991 -0.02991 -956 -28.68 477 4 2 0.05
137.9 0 -2.9895 -0.029895 -956 -28.68 477 4 2 0.05
138 0 -2.9895 -0.029895 -957 -28.71 477 4 2 0.05
138.1 0 -2.988 -0.02988 -956 -28.68 477 4 2 0.05
138.2 0 -2.9895 -0.029895 -957 -28.71 477 4 2 0.05
138.3 0 -2.9895 -0.029895 -957 -28.71 477 4 2 0.05
138.4 0 -2.9895 -0.029895 -957.5 -28.725 477 4 2 0.05
138.5 0 -2.991 -0.02991 -957.5 -28.725 477 4 2 0.05
138.6 0 -2.9895 -0.029895 -957.5 -28.725 477 4 2 0.05
138.7 0 -2.916 -0.02916 -952.5 -28.575 477 4 2 0.05
138.8 0 -2.7975 -0.027975 -941.5 -28.245 477 4 2 0.05
138.9 0 -2.6835 -0.026835 -928.5 -27.855 477 4 2 0.05
139 0 -2.5455 -0.025455 -911.5 -27.345 477 4 2 0.05
139.1 0 -2.409 -0.02409 -892 -26.76 477 4 2 0.05
139.2 0 -2.2725 -0.022725 -868.5 -26.055 477 4 2 0.05
139.3 0 -2.154 -0.02154 -845.5 -25.365 477 4 2 0.05
139.4 0 -2.04 -0.0204 -821 -24.63 477 4 2 0.05
139.5 0 -1.9365 -0.019365 -797 -23.91 477 4 2 0.05
139.6 0 -1.8285 -0.018285 -771 -23.13 477 4 2 0.05
139.7 0 -1.737 -0.01737 -745 -22.35 477 4 2 0.05
139.8 0 -1.635 -0.01635 -719 -21.57 477 4 2 0.05
139.9 0 -1.5555 -0.015555 -694 -20.82 477 4 2 0.05
140 0 -1.476 -0.01476 -670 -20.1 477 4 2 0.05
140.1 0 -1.392 -0.01392 -645 -19.35 477 4 2 0.05
140.2 0 -1.3065 -0.013065 -619.5 -18.585 477 4 2 0.05
140.3 0 -1.2405 -0.012405 -596.5 -17.895 477 4 2 0.05
140.4 0 -1.1565 -0.011565 -570.5 -17.115 477 4 2 0.05
140.5 0 -1.08 -0.0108 -544 -16.32 477 4 2 0.05
140.6 0 -0.9795 -0.009795 -513 -15.39 477 4 2 0.05
140.7 0 -0.8835 -0.008835 -479.5 -14.385 477 4 2 0.05
140.8 0 -0.7725 -0.007725 -440 -13.2 477 4 2 0.05
140.9 0 -0.6885 -0.006885 -404.5 -12.135 477 4 2 0.05
141 0 -0.57 -0.0057 -359.5 -10.785 477 4 2 0.05
141.1 0 -0.45 -0.0045 -309 -9.27 477 4 2 0.05
141.2 0 -0.3465 -0.003465 -261 -7.83 477 4 2 0.05
141.3 0 -0.2265 -0.002265 -207 -6.21 477 4 2 0.05
141.4 0 -0.117 -0.00117 -154.5 -4.635 477 4 2 0.05
141.5 0 -0.0405 -0.000405 -114.5 -3.435 477 4 2 0.05
141.6 0 0 0 -87.5 -2.625 477 4 2 0.05
141.7 0 0 0 -76.5 -2.295 477 4 2 0.05
141.8 0 0 0 -71.5 -2.145 477 4 2 0.05
141.9 0 0 0 -69 -2.07 477 4 2 0.05
142 0 0 0 -67.5 -2.025 477 4 2 0.05
142.1 0 0.0015 1.5E-05 -66.5 -1.995 477 4 2 0.05
142.2 0 0 0 -65.5 -1.965 477 4 2 0.05
142.3 0 0 0 -65.5 -1.965 477 4 2 0.05
142.4 0 0 0 -65 -1.95 477 4 2 0.05
142.5 0 0 0 -65 -1.95 477 4 2 0.05
142.6 0 -0.0015 -1.5E-05 -65 -1.95 477 4 2 0.05
142.7 0 0 0 -64.5 -1.935 477 4 2 0.05
142.8 0 -0.0015 -1.5E-05 -64.5 -1.935 477 4 2 0.05
142.9 0 0 0 -64.5 -1.935 477 4 2 0.05
143 0 -0.0015 -1.5E-05 -64.5 -1.935 477 4 2 0.05
143.1 0 0 0 -64.5 -1.935 477 4 2 0.05
143.2 0 0 0 -64.5 -1.935 477 4 2 0.05
143.3 0 0 0 -64.5 -1.935 477 4 2 0.05
143.4 0 0 0 -64.5 -1.935 477 4 2 0.05
143.5 0 0 0 -64.5 -1.935 477 4 2 0.05
143.6 0 0 0 -64 -1.92 477 4 2 0.05
143.7 0 -0.0015 -1.5E-05 -64.5 -1.935 477 4 2 0.05
143.8 0 0 0 -64 -1.92 477 4 2 0.05
143.9 0 0 0 -64 -1.92 477 4 2 0.05
144 0 0 0 -64.5 -1.935 477 4 2 0.05
144.1 0 0 0 -64.5 -1.935 477 4 2 0.05
144.2 0 0 0 -64 -1.92 477 4 2 0.05
144.3 0 0 0 -64 -1.92 477 4 2 0.05
144.4 0 0.0015 1.5E-05 -64.5 -1.935 477 4 2 0.05
144.5 0 0.003 3E-05 -64.5 -1.935 477 4 2 0.05
144.6 0 0.0015 1.5E-05 -64 -1.92 477 4 2 0.05
144.7 0 -0.0015 -1.5E-05 -64 -1.92 477 4 2 0.05
144.8 0 0 0 -64.5 -1.935 477 4 2 0.05
144.9 0 0 0 -64.5 -1.935 477 4 2 0.05
145 0 0 0 -64 -1.92 477 4 2 0.05
145.1 0 0.0015 1.5E-05 -64.5 -1.935 477 4 2 0.05
145.2 0 0.003 3E-05 -64.5 -1.935 477 4 2 0.05
145.3 0 0 0 -64 -1.92 477 4 2 0.05
145.4 0 0 0 -64 -1.92 477 4 2 0.05
145.5 0 0.0015 1.5E-05 -64 -1.92 477 4 2 0.05
145.6 0 0 0 -64.5 -1.935 477 4 2 0.05
145.7 0 0 0 -64 -1.92 477 4 2 0.05
145.8 0 0 0 -64 -1.92 477 4 2 0.05
145.9 0 0 0 -64.5 -1.935 477 4 2 0.05
146 0 0 0 -64 -1.92 477 4 2 0.05
146.1 0 0 0 -64 -1.92 477 4 2 0.05
146.2 0 0.0015 1.5E-05 -64.5 -1.935 477 4 2 0.05
146.3 0 0 0 -64.5 -1.935 477 4 2 0.05
146.4 0 0 0 -64 -1.92 477 4 2 0.05
146.5 0 0 0 -64.5 -1.935 477 4 2 0.05
146.6 0 0 0 -64 -1.92 477 4 2 0.05
146.7 0 0 0 -64.5 -1.935 477 4 2 0.05
146.8 0 0.003 3E-05 -64.5 -1.935 477 4 2 0.05
146.9 0 0 0 -64 -1.92 477 4 2 0.05