#H_Fe[T] err_H_Fe[T]
1.47636327995916838418 0.07339298702179750111
3.14465408805031465533 0.04103992938202469937
0.00000000000000000000 0.00000000000000000000
0.00000000000000000000 0.00000000000000000000
0.00000000000000000000 0.00000000000000000000
6289.30817610062877065502 82.07985876404940484008
0.00000000000000000000 0.00000000000000000000
0.00000000000000000000 0.00000000000000000000
-1.66829080809114604911 0.06663398059245767557
0.00000000000000000000 0.00000000000000000000
-3.14465408805031465533 0.04103992938202469937
3.14465408805031465533 0.04103992938202469937
0.00000000000000000000 0.00000000000000000000
0.00000000000000000000 0.00000000000000000000
3.14465408805031465533 0.04103992938202469937
0.00000000000000000000 0.00000000000000000000
0.00000000000000000000 0.00000000000000000000
-1.66829080809114604911 0.06663398059245767557
0.00000000000000000000 0.00000000000000000000
-24.96530517627053669116 0.37537408308148556557
-108.14361780044123406697 2.12665090786600918804
-264077.53860067040659487247 3446.95976730052007042104
-258.71791566343438262265 6.46555736342264530947
-484099.89073409076081588864 6319.20014472506500169402
-316.62088169300926665528 10.04723230060210070747
-325.09520631650030964011 10.72707988837227865986
-357.95905353186594766157 12.08177785654177327501
-685235.96714032022282481194 8945.10334507892366673332
-407.71249304911708577492 15.88324971143536501472
-810930.37466788780875504017 10586.20958068507570715155
-854918.82950281421653926373 11160.57235465548728825524
-437.44644286927444909452 20.36563962066185595745
-460.30054523609328498424 22.05314854931369339397
-1018322.39343405608087778091 13294.01518165112793212757
-482.13595301715537289056 25.49363687166759007141
-483.93711440828184322527 26.41782764775309644278
-500.88576365526404288175 27.81734882557394072933
-535.93462731802014786808 29.83778694075044768397
-1307430.37463771412149071693 17068.61796392001269850880
-1345124.51642411551438271999 17560.87452280182333197445
-567.85359358556797815254 35.05769329232352760073
-584.99417036068200559384 36.32905581535736416754
-606.17998191940966989932 38.08169784128769919107
-609.26557906236337203154 39.21698030401049095417
-612.35117620531707416376 40.35318748775070929469
-1602799.30307373520918190479 20925.14981513169186655432
-658.44323599521851519967 43.48274619036627086643
-679.62904755394617950515 45.23634945387423300645
-696.19384174466438253148 46.90149515760201381909
-1847920.49773327494040131569 24125.39872755178294028156
-717.51252388642717505718 49.64695067967349473292
-726.88742920548156689620 50.81563627979080877139
-1986186.84844981133937835693 25930.62938760807810467668
-763.73745425936419906066 53.76877764894937428153
-2067891.13285164441913366318 26997.36425578487614984624
-798.01860780959214025643 56.31294421640498626402
-2181028.61180751584470272064 28474.42676984900026582181
-834.86863286347465873405 59.26619306286577426590
-862.72760765456689568964 60.78772735714252206662
-875.05523953353974775382 62.10304026948431044275
-2369581.06698911963030695915 30936.14444315404034568928
-2419867.17145418748259544373 31592.63144422151890466921
-906.90039216314880832215 65.23116375227073149290
-919.61187909838542964280 66.28384036604808215998
-2507854.09086888842284679413 32741.41057213327439967543
-945.41870802512232785375 68.12629481450146329280
-964.80335819272352182452 68.94582979489912588633
-2652429.76925122272223234177 34628.82731919738580472767
-1017.76050874312181804271 71.71109376403465773819
-1026.04290583848114692955 72.54416571565283788914
-1045.04370094981800320966 73.62671638224851733412
-2815853.35267216200008988380 36762.37683536680560791865
-1078.42427380448293661175 75.70369636955568637404
-2866131.11568318866193294525 37418.81951670217677019536
-2903853.61841332772746682167 37911.22687389844213612378
-2947857.08786552725359797478 38485.66962337434233631939
-1112.70542735471144624171 78.24784855328836385979
-1150.57414699435003058170 79.42098030916960738068
-3054713.60009933821856975555 39880.69674955726804910228
-3073568.17830117559060454369 40126.86496997473295778036
-1185.23915560084219578130 81.70255746183929090876
-3149003.17401660513132810593 41111.62650610507989767939
-1243.77696115991011538426 83.90166251259681473584
-3255869.69599526515230536461 42506.70683291636669309810
-3299868.16057503968477249146 43081.12298832672240678221
-3325008.71037136157974600792 43409.35319137654005317017
-1334.21897629368322668597 88.10632776028118939848
-3431876.90064082946628332138 44804.44239200920128496364
-3488455.64986361376941204071 45543.02685558407392818481
-3532457.45102500496432185173 46117.46074744824727531523
-1432.61859041164802874846 92.28603614686119271937
-3658188.56095035048201680183 47758.76252418907824903727
-3746202.17301798146218061447 48907.68353319526067934930
-1570.74714250547503979760 97.45849204321659442485
-3865632.29673156980425119400 50466.84350961603922769427
-1601.17498880022185403504 99.38949436315878926962
-1640.32814419168835229357 100.77277014566681145880
-1648.80246881517950896523 101.47370346361103088384
-1671.52370059896293241763 102.18154348471752257410
-1686.28733339855443773558 102.91458004999226716336
-4123373.81501351296901702881 53831.47362105039064772427
-1742.25626745396721162251 104.71375629881481472694
-1764.78557170961857991642 105.55271268388349881207
-1787.31487596527063033136 106.39178689108690889498
-4293111.73097267374396324158 56047.23595957890211138874
-1827.75246710856413301372 107.98058844597667871312
-1844.18439071624629832513 108.65691425886456045191
-1853.04257039600202006113 109.09689519026791515444
-1858.94802351583825839043 109.39021749670656902254
-1844.70111635554621898336 109.38177115830077923420
-1844.70111635554621898336 109.38177115830077923420
-1844.70111635554621898336 109.38177115830077923420
-4381111.99671383947134017944 57196.08601311163511127234
-4381111.99671383947134017944 57196.08601311163511127234
-1850.99042453164611288230 109.41444316183832086153
-4393687.27648442517966032028 57360.22773146784311393276
-4475426.59499322809278964996 58427.14891090142918983474
-1995.33447116363572604314 112.53479027781904164840
-2062.02180323502716419171 114.59350407805365534841
-2094.50179539412874873960 116.20752419551691048127
-4802337.15688581299036741257 62694.58520824421430006623
-4884071.47052219230681657791 63761.47980302985524758697
-2215.87362576910618372494 119.87174110465547016702
-5009802.58044753782451152802 65402.78167625569767551497
-2246.87725464824825394317 121.41264013780286745714
-5041229.10183834377676248550 65813.07385174320370424539
-5053802.71331812068819999695 65977.20670273662835825235
-2257.01987007983052535565 122.05589736656131094605
-2255.35157927173941061483 122.11215354298369106800
-5060087.01662179734557867050 66059.25981089980632532388
-5060087.01662179734557867050 66059.25981089980632532388
-5060085.34833098854869604111 66059.25093273706443142146
-2258.30430583165798452683 122.25890477536714229245
-2252.01499765555718113319 122.22469719875272176068
-2259.97259663974909926765 122.20264952626598642382
-2250.34670684746606639237 122.28098464928913813310
-2259.97259663974909926765 122.20264952626598642382
-2253.68328846364829587401 122.16842015851985081554
-5060085.34833098854869604111 66059.25093273706443142146
-5060085.34833098854869604111 66059.25093273706443142146
-2258.30430583165798452683 122.25890477536714229245
-2256.63601502356686978601 122.31517045191051806796
-2258.30430583165798452683 122.25890477536714229245
-5066374.65650708973407745361 66141.33067552100692410022
-5060085.34833098854869604111 66059.25093273706443142146
-2258.30430583165798452683 122.25890477536714229245
-5066374.65650708973407745361 66141.33067552100692410022
-5066372.98821628093719482422 66141.32179728639312088490
-5066374.65650708973407745361 66141.33067552100692410022
-5066374.65650708973407745361 66141.33067552100692410022
-2262.92532319966767317965 122.34940176709731929350
-2256.63601502356686978601 122.31517045191051806796
-2258.30430583165798452683 122.25890477536714229245
-5066372.98821628093719482422 66141.32179728639312088490
-5066372.98821628093719482422 66141.32179728639312088490
-5066372.98821628093719482422 66141.32179728639312088490
-5066372.98821628093719482422 66141.32179728639312088490
-2258.30430583165798452683 122.25890477536714229245
-2262.92532319966767317965 122.34940176709731929350
-2256.63601502356686978601 122.31517045191051806796
-2258.30430583165798452683 122.25890477536714229245
-5060085.34833098854869604111 66059.25093273706443142146
-2252.01499765555718113319 122.22469719875272176068
-5060085.34833098854869604111 66059.25093273706443142146
-5060083.68004018068313598633 66059.24205464034457691014
-5060083.68004018068313598633 66059.24205464034457691014
-2258.30430583165798452683 122.25890477536714229245
-2258.30430583165798452683 122.25890477536714229245
-5066372.98821628093719482422 66141.32179728639312088490
-2256.63601502356686978601 122.31517045191051806796
-5066374.65650708973407745361 66141.33067552100692410022
-5066372.98821628093719482422 66141.32179728639312088490
-5104102.16410965286195278168 66633.76474360519205220044
-2313.75651424777197462390 123.34567762571553828366
-2333.52501947163636941696 123.91117329392216106498
-2373.44588497563063356210 124.78372318244289829181
-5273853.42639527842402458191 68849.59820783627219498158
-5330440.51707210298627614975 69588.22712905074877198786
-5361873.71162614133208990097 69998.55482306785415858030
-2500.01451530301301318104 128.16025554882997994355
-2522.73574708679734612815 128.87369489381094922464
-2537.88323494265296176309 129.34937911133238230832
-2543.78868806248920009239 129.64294474765677023242
-5506472.74607978947460651398 71886.09596885542850941420
-5512758.71767427399754524231 71968.15795543602143879980
-2558.93617591834481572732 130.11867584873090208930
-5544198.58539154473692178726 72378.52117880397418048233
-5550482.88869522046297788620 72460.57428349713154602796
-2584.99398931831092340872 130.72106227800611577550
-2611.24373024640817675390 131.19474484080851084400
-5619646.92743343859910964966 73363.35384023193910252303
-2637.10961611824177452945 131.92663678102579183360
-5651080.12198747694492340088 73773.68153840726881753653
-2658.54641215019819355803 132.43851787583736268061
-2666.12015607812645612285 132.67660353086290569991
-2675.36219081414492393378 132.85923378058703292481
-2689.22524291817308039754 133.13325594329506884606
-2696.79898684610134296236 133.37140289008502236356
-5739105.41209076438099145889 74922.66483025468187406659
-2718.23578287805776199093 133.88373395790063113964
-2730.43054417399525846122 134.21335229712039449623
-2741.34086971810484101297 134.34089161614545560042
-5789403.19459148868918418884 75579.21402453309565316886
-5801978.47436207346618175507 75743.35576534431311301887
-2758.15664838205157138873 134.76209020345726230516
-5827129.03390324395149946213 76071.63924763249815441668
-2776.64071785408941650530 135.12811340033442775166
-2781.06980769396750474698 135.34828874306711554709
-2782.54617097392656432930 135.42168052659260979453
-5852274.58857198990881443024 76399.89607809821609407663
-2785.49889753384513824130 135.56846409755283389131
-2785.49889753384513824130 135.56846409755283389131
-5864849.86834257468581199646 76564.03781967364193405956
-5883712.78799845278263092041 76810.25043244274274911731
-2813.22500174190190591617 136.11778795611076020577
-2819.51430991800270930980 136.15419190865068799212
-2825.61169056597054805025 136.31918991207197677795
-5927727.93548630829900503159 77384.75541561155114322901
-5946590.85514218546450138092 77630.96803013540920801461
-5959164.46662196330726146698 77795.10088830348104238510
-2871.62993671793401517789 137.36425203660269289685
-6003177.94581901095807552338 78369.59699100919533520937
-2903.97705829400047150557 138.00636138441856815007
-6022035.86060246359556913376 78615.78295062943652737886
-6028326.83706937264651060104 78697.87159374787006527185
-6047189.75672525074332952499 78944.08421039665699936450
-6078627.95615171268582344055 79354.43857246676634531468
-6103778.51569288317114114761 79682.72206300175457727164
-2974.96060962223373280722 139.32897176094732571983
-6116353.79546346794813871384 79846.86380855890456587076
-6116353.79546346794813871384 79846.86380855890456587076
-2976.24504537406119197840 139.53060053134254303586
-2974.57675456596962249023 139.58547336364674151810
-2972.90846375787850774941 139.64035642980979901040
-6116347.12230023555457592010 79846.82826365368964616209
-2979.58162699024342146004 139.42088561664215262681
-2972.90846375787850774941 139.64035642980979901040
-6141499.35013221390545368195 80175.12064087358885444701
-3019.50249249423677611048 140.30327872381974430027
-3037.98656196627462122706 140.67130508986389259007
-3066.09652123059595396626 140.96752329039071582883
-6260971.18111600447446107864 81734.50278345258266199380
-3101.39636936658052945859 141.75915271679593843146
-6292407.71225165948271751404 82144.84826594618789386004
-6304982.99202224425971508026 82308.99001425686583388597
-6317556.60350202117115259171 82473.12287484896660316736
-3125.40203690219095733482 142.67720139527497735799
-6330130.21498179808259010315 82637.25573547621024772525
-6336417.85486709047108888626 82719.32660977522027678788
-3135.02792669447444495745 142.60571925907504464703
-6336416.18657628260552883148 82719.31772184379224199802
-6336421.19144870713353157043 82719.34438579621200915426
-6336421.19144870713353157043 82719.34438579621200915426
-6336414.51828547473996877670 82719.30883396510034799576
-3141.31723487057524835109 142.64340631044876772648
-3131.69134507829176072846 142.71481202349167460852
-3100.62865925405321831931 142.27109453521703130718
-6254665.19003182277083396912 81652.33415038725070189685
-6248380.88672814704477787018 81570.28105086776486132294
-3034.97477846126048461883 141.62317180648543057941
-6147760.29736457765102386475 80257.04933788679772987962
-6122611.40611421503126621246 79928.77473528921836987138
-6110034.45805282238870859146 79764.62410622248717118055
-2930.68446791630094594439 140.29981360601655637765
-6072300.27728702593594789505 79272.15445239930704701692
-6059726.66580724902451038361 79108.02159462573763448745
-2896.66905553214292012854 139.71337771200177257924
-6053435.68934034090489149094 79025.93295448666322045028
-6053437.35763114877045154572 79025.94183895345486234874
-2895.00076472405135064037 139.76854925058316325703
-6053440.69421276450157165527 79025.95960805259528569877
-6053439.02592195663601160049 79025.95072347542736679316
-6053437.35763114877045154572 79025.94183895345486234874
-2895.00076472405135064037 139.76854925058316325703
-6053439.02592195663601160049 79025.95072347542736679316
-6053437.35763114877045154572 79025.94183895345486234874
-2896.66905553214292012854 139.71337771200177257924
-6059728.33409805782139301300 79108.03047925632563419640
-6053440.69421276450157165527 79025.95960805259528569877
-6059728.33409805782139301300 79108.03047925632563419640
-6053437.35763114877045154572 79025.94183895345486234874
-2895.00076472405135064037 139.76854925058316325703
-6053435.68934034090489149094 79025.93295448666322045028
-6059726.66580724902451038361 79108.02159462573763448745
-6059724.99751644115895032883 79108.01271005027228966355
-6053437.35763114877045154572 79025.94183895345486234874
-2895.00076472405135064037 139.76854925058316325703
-2891.66418310786912115873 139.87892227197551164863
-2891.66418310786912115873 139.87892227197551164863
-2889.99589229977800641791 139.93412373116788671723
-2889.99589229977800641791 139.93412373116788671723
-6059728.33409805782139301300 79108.03047925632563419640
-6059726.66580724902451038361 79108.02159462573763448745
-6059724.99751644115895032883 79108.01271005027228966355
-2895.00076472405135064037 139.76854925058316325703
-2895.00076472405135064037 139.76854925058316325703
-6053437.35763114877045154572 79025.94183895345486234874
-2896.28520047587880981155 139.97051244964589500341
-6059723.32922563329339027405 79108.00382552991504780948
-2893.33247391596023589955 139.82373077451359222323
-6059723.32922563329339027405 79108.00382552991504780948
-6059723.32922563329339027405 79108.00382552991504780948
-6053440.69421276450157165527 79025.95960805259528569877
-2896.28520047587880981155 139.97051244964589500341
-2893.33247391596023589955 139.82373077451359222323
-6059730.00238886568695306778 79108.03936394206539262086
-2893.33247391596023589955 139.82373077451359222323
-2893.33247391596023589955 139.82373077451359222323
-2896.66905553214292012854 139.71337771200177257924
-6059724.99751644115895032883 79108.01271005027228966355
-6059730.00238886568695306778 79108.03936394206539262086
-2896.66905553214292012854 139.71337771200177257924
-6059724.99751644115895032883 79108.01271005027228966355
-2896.66905553214292012854 139.71337771200177257924
-2889.99589229977800641791 139.93412373116788671723
-6059730.00238886568695306778 79108.03936394206539262086
-6059728.33409805782139301300 79108.03047925632563419640
-2895.00076472405135064037 139.76854925058316325703
-2895.00076472405135064037 139.76854925058316325703
-2893.33247391596023589955 139.82373077451359222323
-6053437.35763114877045154572 79025.94183895345486234874
-2893.33247391596023589955 139.82373077451359222323
-5902510.64431281480938196182 77056.11658970855933148414
-2581.93790556104067945853 135.98075816963060447051
-5500071.66241954639554023743 71803.42129976041906047612
-2311.09904223960757008172 131.57258450027308072094
-5185677.99011926259845495224 67699.81609975849278271198
-5034772.96458143368363380432 65730.10663697206473443657
-4896448.22368661407381296158 63924.56555224614567123353
-4726683.61507452372461557388 61708.66138386512466240674
-1735.14016204651352381916 120.36568948592471883785
-4412321.64029959402978420258 57605.22531126416288316250
-1523.20820264757048789761 114.79977506101003825734
-1435.27600207235468587896 112.14212172750478657690
-3953375.64568828977644443512 51614.32848826301778899506
-3877942.31826366810128092766 50629.57586596707551507279
-3846517.46516367001459002495 50219.29253567165869753808
-3714482.03244495112448930740 48495.83155799297674093395
-3500725.63241631817072629929 45705.54725088861596304923
-1018.58721545328899082961 98.35487085407466167908
-1017.55376417469040006836 96.88430866468245028500
-3337317.06361265201121568680 43572.07746495655737817287
-1037.57325387178411801870 96.16902520251079522495
-1037.57325387178411801870 96.16902520251079522495
-1037.57325387178411801870 96.16902520251079522495
-994.31580675160785176558 95.45439387700717759344
-890.46840820800889559905 92.89407261632790380190
-3054413.30775388190522789955 39879.10275965336768422276
-808.88457275399036916497 89.16296326476532385641
-748.87040391496384472703 86.92337008397453246289
-715.10597600403480100795 85.12169365416971800187
-662.85747862106836691964 82.98300394178157546321
-603.41909236643732583616 80.35158749764762831092
-2419498.47918559890240430832 31590.67592470311865326948
-505.59526083286857556232 75.84369361413450860709
-462.97265324218437854142 73.61540574852989493593
-2130345.45413012290373444557 27815.83458176069689216092
-338.19042761308656963593 68.09340866015924120802
-291.90644029505307344152 65.12353018211139499272
-249.85961528876512716124 62.50548864826265571537
-225.72107717011908789573 60.61682722664459532780
-188.10334200370854773610 58.21785314210556805392
-146.24844452555268503602 55.47298558921261246724
-1432647.65099416766315698624 18707.19665361231818678789
-1332078.77864564885385334492 17394.24103867831217939965
-1168650.19035228551365435123 15260.66643185408065619413
-967525.79198171268217265606 12634.82636007122709997930
-835548.74944127688650041819 10911.67620212119618372526
124.92994342616108838229 33.28682170505269510841
153.05465938332406494737 29.81331157424433087044
167.50825076459042861643 26.70572869505969038073
203.20671064968109931215 23.04677898928994750349
231.13949907871199229703 19.49194057610343122633
-137969.39495269622420892119 1803.69432901938625946059
-49990.81699203534662956372 655.02021372579861235863
265.25823848649224601104 10.59480291420076980557
248.38340287744878764897 9.80081596816870792566
235.22900394085158382040 9.39539126353653308854
230.22413151657815433282 9.19548932175915822995
226.88754990039586800776 9.06222136057424521027
222.07460500425440841354 8.99014288995098986845
223.55096828421358168271 8.92895339938932863788
221.88267747612243852018 8.86231941879687212804
221.88267747612243852018 8.86231941879687212804
221.88267747612243852018 8.86231941879687212804
221.88267747612243852018 8.86231941879687212804
220.21438666803129535765 8.79568543820441384185
220.21438666803129535765 8.79568543820441384185
220.21438666803129535765 8.79568543820441384185
6509.52256276866046391660 83.72129425175083383692
217.06973257998097892596 8.79024303967631048806
220.21438666803129535765 8.79568543820441384185
218.54609585994012377341 8.72905145761195555565
220.21438666803129535765 8.79568543820441384185
220.21438666803129535765 8.79568543820441384185
6509.52256276866046391660 83.72129425175083383692
220.21438666803129535765 8.79568543820441384185
220.21438666803129535765 8.79568543820441384185
223.35904075608158336763 8.80131583973168929447
223.35904075608158336763 8.80131583973168929447
220.21438666803129535765 8.79568543820441384185
220.21438666803129535765 8.79568543820441384185
223.35904075608158336763 8.80131583973168929447
217.06973257998097892596 8.79024303967631048806
217.06973257998097892596 8.79024303967631048806
220.21438666803129535765 8.79568543820441384185
217.06973257998097892596 8.79024303967631048806
220.21438666803129535765 8.79568543820441384185
-6069.09378943259798688814 81.36141273920968330913
223.35904075608158336763 8.80131583973168929447
217.06973257998097892596 8.79024303967631048806
220.21438666803129535765 8.79568543820441384185
217.06973257998097892596 8.79024303967631048806
220.21438666803129535765 8.79568543820441384185
220.21438666803129535765 8.79568543820441384185
220.21438666803129535765 8.79568543820441384185
56810.64164510896080173552 739.87868843805290453020
113381.04941385280108079314 1478.38828151483699002711
301.79822212204948073122 6.08523289957157054175
316.69472550467651217332 5.03469669905668837373
349.30758824681350915853 4.49444877926077523966
372.67841625293158358545 5.17716823190704289459
515616.49982853373512625694 6729.97443614315670856740
603598.41437081084586679935 7878.72562493923942383844
685299.36219102772884070873 8945.44197165130754001439
458.33699987624737559599 13.99580733857474079684
810985.42826455482281744480 10586.50326858401786012109
486.07786077714627026580 17.60986705905352422974
949253.44727189932018518448 12391.74226861892384476960
1049815.64645718573592603207 13704.66286015075093018822
587.76975625903901345737 25.91265186704290002240
627.18865281657599553000 29.24570775568586000759
1301186.11031343182548880577 16986.77793289937471854500
591.90356137343314912869 31.64470907913893782393
598.70959518883307737269 32.40034599555470862242
1420602.88770055538043379784 18545.86687426569551462308
710.01262377016678328800 37.51528506827615672137
1785184.23530822899192571640 23305.43545183182504842989
899.82864735540670153568 48.47947407064521030406
990.92025871151440696849 54.39877528882060886417
2401144.38822618918493390083 31347.16390373865579022095
2489119.62960523413494229317 32495.88084943676221882924
1085.43702201458563649794 65.51856632299983118628
1168.11336569229865745001 69.62434119531522469515
1250.02199925748436726280 74.25184251521896783288
1306.25667447896807971119 78.02392999629759628988
3237106.87378787295892834663 42261.02644692313333507627
1416.92486353080926164694 84.63930435224695258967
1449.53772627294620178873 87.23844067227426535283
1521.17087382351428459515 90.23628891855788936027
3790280.71555654471740126610 49482.52556214942160295323
1710.07156002034889752395 97.52416210653316852586
4142315.14433737052604556084 54078.10328546718665165827
1886.39362986498258578649 104.75102344345069127485
4444058.46378070488572120667 58017.16739300404151435941
4620089.02449758257716894150 60315.02730339668778469786
4858994.31577657815068960190 63433.58701889422081876546
2406.41308938834754371783 120.73523376701672304989
2544.40877089913965392043 124.96588140116215015496
5575703.51645033061504364014 72789.23085929037188179791
5745454.77873595617711544037 75005.06442857637011911720
2869.94688921700071659870 134.24702093517262824207
2902.81073643236595671624 135.60499637064259559338
5990639.36844620388001203537 78205.65073825469880830497
2929.76913052789495850448 136.66946387055199352289
2932.72185708781353241648 136.81622723854871992444
2941.96389182383290972211 137.00014276704845883614
2935.67458364773210632848 136.96299065499644598276
2940.29560101574179498130 137.05494320306794975295
6028360.20288553461432456970 78698.04931701412715483457
6028358.53459472674876451492 78698.04043032435583882034
2940.29560101574179498130 137.05494320306794975295
6028358.53459472674876451492 78698.04043032435583882034
2940.29560101574179498130 137.05494320306794975295
6028358.53459472674876451492 78698.04043032435583882034
6028358.53459472674876451492 78698.04043032435583882034
2940.29560101574179498130 137.05494320306794975295
2944.91661838375057413941 137.14690483814194976731
6028356.86630391795188188553 78698.03154369001276791096
2944.91661838375057413941 137.14690483814194976731
2944.91661838375057413941 137.14690483814194976731
2948.06127247180120320991 137.16549484277464898696
6028358.53459472674876451492 78698.04043032435583882034
6028356.86630391795188188553 78698.03154369001276791096
2938.62731020765068024048 137.10975411973953441702
2944.91661838375057413941 137.14690483814194976731
6028356.86630391795188188553 78698.03154369001276791096
2944.91661838375057413941 137.14690483814194976731
6022069.22641862556338310242 78615.96067063437658362091
6028356.86630391795188188553 78698.03154369001276791096
6028356.86630391795188188553 78698.03154369001276791096
6028356.86630391795188188553 78698.03154369001276791096
6028356.86630391795188188553 78698.03154369001276791096
2938.62731020765068024048 137.10975411973953441702
6022067.55812781769782304764 78615.95178410712105687708
2938.62731020765068024048 137.10975411973953441702
6028356.86630391795188188553 78698.03154369001276791096
2944.91661838375057413941 137.14690483814194976731
6028358.53459472674876451492 78698.04043032435583882034
2946.58490919184168888023 137.09211415675363809896
2938.62731020765068024048 137.10975411973953441702
2944.91661838375057413941 137.14690483814194976731
2944.91661838375057413941 137.14690483814194976731
6028356.86630391795188188553 78698.03154369001276791096
6028356.86630391795188188553 78698.03154369001276791096
2944.91661838375057413941 137.14690483814194976731
6028356.86630391795188188553 78698.03154369001276791096
6028356.86630391795188188553 78698.03154369001276791096
6028356.86630391795188188553 78698.03154369001276791096
2944.91661838375057413941 137.14690483814194976731
2944.91661838375057413941 137.14690483814194976731
6028356.86630391795188188553 78698.03154369001276791096
6028356.86630391795188188553 78698.03154369001276791096
6028356.86630391795188188553 78698.03154369001276791096
2944.91661838375057413941 137.14690483814194976731
2948.06127247180120320991 137.16549484277464898696
6028356.86630391795188188553 78698.03154369001276791096
6028356.86630391795188188553 78698.03154369001276791096
6028356.86630391795188188553 78698.03154369001276791096
2944.91661838375057413941 137.14690483814194976731
6028356.86630391795188188553 78698.03154369001276791096
2944.91661838375057413941 137.14690483814194976731
2944.91661838375057413941 137.14690483814194976731
2944.91661838375057413941 137.14690483814194976731
2944.91661838375057413941 137.14690483814194976731
6028356.86630391795188188553 78698.03154369001276791096
2948.06127247180120320991 137.16549484277464898696
2944.91661838375057413941 137.14690483814194976731
2944.91661838375057413941 137.14690483814194976731
2944.91661838375057413941 137.14690483814194976731
2944.91661838375057413941 137.14690483814194976731
6028356.86630391795188188553 78698.03154369001276791096
2944.91661838375057413941 137.14690483814194976731
2948.06127247180120320991 137.16549484277464898696
2949.53763575176026279223 137.23887554195133020585
6059798.40231199748814105988 79108.40368352284713182598
3007.04199003222902319976 138.03251226361419412569
6154116.33717300184071063995 80339.48456560219347011298
3070.06794237627127586165 139.37744848268903297139
3093.17302921631790013635 139.83867766708115709662
3109.98880788026463051210 140.26224819135202892539
6267290.51852665096521377563 81816.74253118042543064803
6273576.49012113548815250397 81898.80451747926417738199
3120.51527836811146698892 140.64800417386024378175
3125.13629573612024614704 140.74030640634470046280
3125.13629573612024614704 140.74030640634470046280
3123.46800492802913140622 140.79473444028465678457
6279864.13000642787665128708 81980.87539239336911123246
6279864.13000642787665128708 81980.87539239336911123246
3125.13629573612024614704 140.74030640634470046280
3125.13629573612024614704 140.74030640634470046280
3125.13629573612024614704 140.74030640634470046280
6279864.13000642787665128708 81980.87539239336911123246
6279862.46171562001109123230 81980.86650377871410455555
3123.46800492802913140622 140.79473444028465678457
6279862.46171562001109123230 81980.86650377871410455555
6273573.15353951882570981979 81898.78674039834004361182
3125.13629573612024614704 140.74030640634470046280
3125.13629573612024614704 140.74030640634470046280
3123.46800492802913140622 140.79473444028465678457
6279862.46171562001109123230 81980.86650377871410455555
6279864.13000642787665128708 81980.87539239336911123246
3123.46800492802913140622 140.79473444028465678457
3129.75731310412993479986 140.83261703051618951577
6279862.46171562001109123230 81980.86650377871410455555
6279862.46171562001109123230 81980.86650377871410455555
3131.42560391222104954068 140.77820888394205667282
6279862.46171562001109123230 81980.86650377871410455555
3129.75731310412993479986 140.83261703051618951577
6279864.13000642787665128708 81980.87539239336911123246
3125.13629573612024614704 140.74030640634470046280
3012.69645867883764367434 139.55197897594601386118
2844.42055814917557654553 137.53041191986841340622
5757923.28789482358843088150 75168.63760483535588718951
5581856.02478016819804906845 72870.58226738499070052058
5430944.32607910688966512680 70900.83710435769171454012
2310.83330107353685889393 129.60619093882007746288
2238.56531399347613842110 128.10849358553676324846
5085119.12751559261232614517 66386.91306321107549592853
2064.25108976094361423748 124.90262746361023005193
4890203.95936233177781105042 63842.72533105927141150460
1949.10951061697073782852 122.40885501563965931382
1867.59948880089064005006 120.74909366202442129179
1811.24669968921398321982 119.21732244183141347094
1733.07325948931634229666 117.44878692731029445895
1672.09945300962999681360 115.83280305448926128520
4286622.22789960261434316635 55964.09201291115459753200
4217471.53548784926533699036 55061.38360894368088338524
1515.61970202680026886810 111.31968244191698147461
4066583.19285810086876153946 53091.76309347468486521393
3947129.71307319914922118187 51532.47911352222581626847
3840253.18134969100356101990 50137.34570408574654720724
1248.10266362870765988191 103.73312820059011585272
1200.47518361375000495173 101.66222600801866349229
3494488.04125526826828718185 45623.74198823801998514682
1084.68400824744230703800 97.50142349997082646951
1021.52518532036526721640 95.23533531973968990769
946.17160109735118567187 92.65470413754748335577
3060725.97200129600241780281 39961.30627888751769205555
2934994.86207595048472285271 38320.00487483789765974507
2784119.86577266687527298927 36350.45563742941158125177
674.01878863840693156817 81.82144589276846602388
585.95371748015611501614 78.21182590075142115893
509.18282692227927554995 74.44956224164414493316
417.26444850854716150934 70.23835018512518502121
1941784.65749447839334607124 25354.07300836993817938492
258.96877944174877939076 61.66112698808620962154
1608651.51905811578035354614 21004.91324530595738906413
1426370.02085372363217175007 18625.17875256673505646177
1288103.67013718700036406517 16819.94839262156892800704
29.33524754986572347093 44.52723779105496504371
1011564.29554088180884718895 13209.45282169343772693537
-31.34327420433761446361 37.31593751741004183486
-55.23082784975493098045 34.16830388813198027265
659619.95446369261480867863 8614.35622391648030315991
-130.48105487541789671013 26.15941759180228842752
357948.37152510625310242176 4675.67969710915258474415
-213.82175146830795142705 17.30753099534265615489
-236.17388488866947682254 13.21542740623793577015
-250.24362121367190070487 9.99509708886865233524
-215.40144177188983576343 8.72360977755214150875
-200.38682449906951887897 8.12391094880396025246
-193.71366126670491780715 7.85737847884406370724
-191.85344293048180475125 7.66290776813263363465
-185.37220722624920199451 7.52421323535324404475
-186.84857050620834684196 7.46300582635526055242
-6474.48845579874614486471 83.40029001694641408449
-185.18027969811720367943 7.39637184576280315440
-183.51198889002606051690 7.32973786517034575638
-183.51198889002606051690 7.32973786517034575638
-183.51198889002606051690 7.32973786517034575638
-180.36733480197574408521 7.32431429273028022919
-183.51198889002606051690 7.32973786517034575638
-186.65664297807637694859 7.33538704071831126896
-183.51198889002606051690 7.32973786517034575638
-183.51198889002606051690 7.32973786517034575638
-186.65664297807637694859 7.33538704071831126896
-186.65664297807637694859 7.33538704071831126896
-178.69904399388460092268 7.25768134856999758142
-181.84369808193491735437 7.26310388457788658201
-184.98835216998523378606 7.26875409341706379962
-181.84369808193491735437 7.26310388457788658201
-178.69904399388460092268 7.25768134856999758142
-181.84369808193491735437 7.26310388457788658201
-184.98835216998523378606 7.26875409341706379962
-181.84369808193491735437 7.26310388457788658201
-184.98835216998523378606 7.26875409341706379962
-6471.15187418256391538307 83.37087864447013885183
-184.98835216998523378606 7.26875409341706379962
-183.51198889002606051690 7.32973786517034575638
-178.69904399388460092268 7.25768134856999758142
-181.84369808193491735437 7.26310388457788658201
-178.69904399388460092268 7.25768134856999758142
-181.84369808193491735437 7.26310388457788658201
-183.51198889002606051690 7.32973786517034575638
-178.69904399388460092268 7.25768134856999758142
-184.98835216998523378606 7.26875409341706379962
-184.98835216998523378606 7.26875409341706379962
-181.84369808193491735437 7.26310388457788658201
-178.69904399388460092268 7.25768134856999758142
-178.69904399388460092268 7.25768134856999758142
-69345.88243629985663574189 903.78255057825799667626
-201352.95421128132147714496 2627.07056074922820698703
-320.04606381370081180648 4.10501230194898436565
-389888.72648480435600504279 5088.69091666868825996062
-351.25637691381734839524 6.60852526284639996135
-496710.20461164577864110470 6483.52932613139455497731
-553273.93921715719625353813 7222.03348807737165770959
-396.46261270099762441532 11.87611279402257480342
-389.53846499540446757237 13.24116052504403562295
-408.15540505047772512626 14.56002458665273557870
-842380.25213000713847577572 10996.62624741465151601005
-486.47647252625233704748 20.47107503287882579457
-495.79232090020991563506 22.71504550239412623114
-505.87587938669537379610 24.45677908226115349066
-1125185.57883109967224299908 14689.07783589918653888162
-1200605.55992925656028091908 15673.75950511715200264007
-1250874.98148624296300113201 16330.15772761125117540359
-1282293.16142300865612924099 16740.40552150797520880587
-571.11636156381143791805 32.84155775797076159961
-1376562.71585057815536856651 17971.22881469764251960441
-1420554.50726712075993418694 18545.60947673939153901301
-587.94689692060035213217 36.47563750953507621944
-1489685.18018917692825198174 19448.21147163613568409346
-1539966.27978182025253772736 20104.67187054603346041404
-1590244.04279284714721143246 20761.11453098942729411647
-649.45218573242811999080 42.05340617382870505025
-666.78469003567420259060 43.19423583584491410647
-1734803.03826710046268999577 22648.44262168522618594579
-1797654.41275790450163185596 23469.01812600078483228572
-1891940.65009355498477816582 24699.93015805578397703357
-1954788.68800274282693862915 25520.48792659153332351707
-798.38770617301429410873 52.81367000051282190043
-826.76340660340588328836 55.06447484946240678028
-2193628.91594022233039140701 28638.70145281468285247684
-2275339.87350528780370950699 29705.47177949393153539859
-2369622.77425932232290506363 30936.36607457169884582981
-2507917.48591959616169333458 32741.74746618099015904590
-1055.67352863501560022996 68.52787550813631867186
-1061.84472292092300449440 70.80104204403313872263
-2778175.89379384135827422142 36270.20884105571894906461
-1110.50565421447890912532 74.33921746662100815684
-1177.51778439703730327892 77.24163436901125123768
-1221.42482773954839103681 79.70087510033228284101
-1283.81594055409755128494 82.51577357712081095542
-1376.88588413662159837259 86.01267595973305901680
-3545082.77951983269304037094 46281.86855184476007707417
-1567.77965925271519154194 94.08997005919951561737
-3985132.48865909781306982040 52026.37613032538502011448
-1839.79960112862363530439 104.10921097119543787812
-1996.79607775075260178710 109.40151110814487367406
-4821258.46671997383236885071 62941.10854003272106638178
-5185903.20937835518270730972 67701.01458912005182355642
-2588.31581424165096905199 127.42517199914688319495
-2797.67890213693999612588 132.72248238774886885949
-6072373.68208258226513862610 79272.54543045703030657023
-3031.18052815087503404357 139.92013120369318812664
-6229536.31827115826308727264 81324.16618901172478217632
-3069.94982848607742198510 141.57179692589306796435
-3088.81775301437983216601 141.68409747992737379718
-3080.47629897392425846192 141.95737341996067470973
-6273539.78772335778921842575 81898.60898130403074901551
-6273541.45601416565477848053 81898.61786875287361908704
-3086.76560715002415236086 141.99478406971789468116
-3080.47629897392425846192 141.95737341996067470973
-6273534.78285093326121568680 81898.58231927701854147017
-3086.76560715002415236086 141.99478406971789468116
-3086.76560715002415236086 141.99478406971789468116
-3091.38662451803384101368 142.08687898267069726899
-6273538.11943254899233579636 81898.60009390844788867980
-3089.71833370994272627286 142.14153589406251398941
-3083.42902553384192287922 142.10412685328847715027
-6279824.09102703351527452469 81980.66208032373106107116
-3094.72320613421607049531 141.97759585577719576577
-6279827.42760865017771720886 81980.67985515922191552818
-6279829.09589945804327726364 81980.68874265675549395382
-6279822.42273622564971446991 81980.65319298578833695501
-6279827.42760865017771720886 81980.67985515922191552818
-3096.39149694230718523613 141.92296966391194246171
-6279829.09589945804327726364 81980.68874265675549395382
-3096.39149694230718523613 141.92296966391194246171
-3094.72320613421607049531 141.97759585577719576577
-6279822.42273622564971446991 81980.65319298578833695501
-3094.72320613421607049531 141.97759585577719576577
-3102.68080511840798862977 141.96049469017319211162
-6279829.09589945804327726364 81980.68874265675549395382
-3091.38662451803384101368 142.08687898267069726899
-3091.38662451803384101368 142.08687898267069726899
-3099.53615103035781430663 141.94172748411713769201
-3094.53127860608401533682 142.10560737877281667352
-3096.19956941417513007764 142.05097049724912494639
-3094.53127860608401533682 142.10560737877281667352
-3089.71833370994272627286 142.14153589406251398941
-3099.34422350222575914813 142.06971807900652038370
-3089.71833370994272627286 142.14153589406251398941
-3096.19956941417513007764 142.05097049724912494639
-3089.71833370994272627286 142.14153589406251398941
-3097.86786022226624481846 141.99634386175401346009
-3094.72320613421607049531 141.97759585577719576577
-3091.19469698990178585518 142.21491183266729763091
-3096.19956941417513007764 142.05097049724912494639
-3096.19956941417513007764 142.05097049724912494639
-3096.00764188604352966649 142.17898247672562206390
-3096.00764188604352966649 142.17898247672562206390
-3094.33935107795241492568 142.23363002438452440401
-6292404.37567004282027482986 82144.83049059766926802695
-3091.19469698990178585518 142.21491183266729763091
-3097.67593269413464440731 142.12434515766591403008
-3097.67593269413464440731 142.12434515766591403008
-3091.19469698990178585518 142.21491183266729763091
-3097.86786022226624481846 141.99634386175401346009
-3091.19469698990178585518 142.21491183266729763091
-3101.01251431031687388895 142.01510125256456262832
-3099.34422350222575914813 142.06971807900652038370
-3094.53127860608401533682 142.10560737877281667352
-3092.86298779799290059600 142.16025449451143458646
-3096.00764188604352966649 142.17898247672562206390
-3092.86298779799290059600 142.16025449451143458646
-3091.19469698990178585518 142.21491183266729763091
-3097.86786022226624481846 141.99634386175401346009
-3092.86298779799290059600 142.16025449451143458646
-3093.05491532612495575449 142.03223229930551951838
-3092.86298779799290059600 142.16025449451143458646
-3094.33935107795241492568 142.23363002438452440401
-3092.86298779799290059600 142.16025449451143458646
-3096.00764188604352966649 142.17898247672562206390
-3097.86786022226624481846 141.99634386175401346009
-3096.00764188604352966649 142.17898247672562206390
-3091.19469698990178585518 142.21491183266729763091
-3094.72320613421607049531 141.97759585577719576577
-3094.33935107795241492568 142.23363002438452440401
-3097.86786022226624481846 141.99634386175401346009
-3088.05004290185161153204 142.19620302168678449561
-3092.86298779799290059600 142.16025449451143458646
-3094.33935107795241492568 142.23363002438452440401
-3091.19469698990178585518 142.21491183266729763091
-3092.86298779799290059600 142.16025449451143458646
-3094.33935107795241492568 142.23363002438452440401
-3096.00764188604352966649 142.17898247672562206390
-3097.67593269413464440731 142.12434515766591403008
-3094.33935107795241492568 142.23363002438452440401
-3094.33935107795241492568 142.23363002438452440401
-3093.05491532612495575449 142.03223229930551951838
-3086.38175209376049679122 142.25088035376512607399
-2982.28336907693255852791 140.79555183630853321120
-2978.94678746075032904628 140.90545700843122745027
-6084882.23022084403783082962 79436.33173443732084706426
-2740.58791629841971371206 138.04023410556516182623
-2521.48082472065334513900 135.06095534736286367661
-5355447.60360377747565507889 69915.74707748612854629755
-5242271.75395932048559188843 68438.48045746990828774869
-2203.53120702356227411656 129.30179369582859294496
-2160.27375990338623523712 128.55165013788865735478
-5110237.98953140899538993835 66715.02790589936194010079
-5066222.84204355347901582718 66140.52302619267720729113
-2055.65865124725951318396 126.43668681770951423005
-4858725.72095647547394037247 63432.15816472491133026779
-1911.12267708713807223830 123.47028550509364208665
-1863.62806765521622764936 122.37787611419351208042
-4626094.72323630750179290771 60395.59870127394970040768
-1725.57332919932764525583 119.32833779814995978086
-4506647.91661463864147663116 58836.35007961581140989438
-4487786.66524956934154033661 58590.14639787722262553871
-4443776.52263413742184638977 58015.66818820925982436165
-1589.57073660779406054644 115.96997811899058206109
-4179705.65719669964164495468 54568.74585601589205907658
-1459.14879902492975816131 112.05215091205921851270
-3972236.89705335907638072968 51860.53214561846834840253
-1280.84839695387995561759 107.33340197292255879802
-1240.79466086685056325223 105.49549794126069457434
-3695632.45911553828045725822 48249.68989416446856921539
-3664202.60114311613142490387 47839.37999866092286538333
-1177.11911230047394383291 102.49125116929266710031
-1130.00835792481575481361 101.15684780802817499534
-1055.17149934110125286679 99.30749783525851626109
-3368730.23867699317634105682 43982.29884292424685554579
-1001.12184056700778000959 96.21590852835653606689
-969.54242910346954431589 95.08491184207483115642
-935.01029108001262102334 93.80912250269830110483
-3110988.72039505001157522202 40617.66936981816979823634
-872.61917826546346077521 91.02001228232950325037
-810.55286356208159759262 89.10276783592897231756
-2802946.08303076680749654770 36596.47356392889196285978
-632.88730102052431902848 82.93752040830112548520
-2526354.99141941033303737640 32985.70281308785342844203
-543.59685105554308393039 77.98995883919745608637
-499.30595265676771532526 75.82130697994638524051
-2230917.66306025767698884010 29128.80825383172486908734
-400.58154042763567304064 70.85185467854041974078
-2017199.63372021075338125229 26338.72821318398564471863
-292.99894851874819323712 65.46273980544421533523
-229.70725500863602519530 62.24133164191472644688
-1614907.46141805476509034634 21086.81657074717804789543
-101.70656165354894540087 54.60662393993052887708
-1294352.93933389359153807163 16901.81672677550886874087
8.84351350809877700954 45.84335156005422362568
45.44255408875270774161 41.65418190456961866630
-841833.05274495319463312626 10993.72929510362882865593
-709861.01507694169413298368 9270.60572570671502035111
156.90796663880553296622 29.20321096053764975409
-452189.56500893831253051758 5906.35239294056646031095
-307640.57927953358739614487 4019.08342669670173563645
263.36850676458504949551 16.77139213727752675709
294.96267492096552587100 12.62491054066655671306
263.58994767840107442680 10.52816893360831507209
243.57045798130732805475 9.72856116649882096681
230.41605904471012422619 9.32330950638153943544
228.55584070848701117029 9.12885534116670349647
228.36391318035504127693 9.00121569520729991609
226.69562237226389811440 8.93458239967574385787
221.88267747612243852018 8.86231941879687212804
221.88267747612243852018 8.86231941879687212804
220.21438666803129535765 8.79568543820441384185
220.21438666803129535765 8.79568543820441384185
6509.52256276866046391660 83.72129425175083383692
218.54609585994012377341 8.72905145761195555565
218.54609585994012377341 8.72905145761195555565
218.54609585994012377341 8.72905145761195555565
215.40144177188983576343 8.72360977755214150875
215.40144177188983576343 8.72360977755214150875
218.54609585994012377341 8.72905145761195555565
215.40144177188983576343 8.72360977755214150875
218.54609585994012377341 8.72905145761195555565
215.40144177188983576343 8.72360977755214150875
221.69074994799044020510 8.73468257579397366897
218.54609585994012377341 8.72905145761195555565
218.54609585994012377341 8.72905145761195555565
218.54609585994012377341 8.72905145761195555565
218.54609585994012377341 8.72905145761195555565
218.54609585994012377341 8.72905145761195555565
218.54609585994012377341 8.72905145761195555565
218.54609585994012377341 8.72905145761195555565
218.54609585994012377341 8.72905145761195555565
218.54609585994012377341 8.72905145761195555565
-6069.09378943259798688814 81.36141273920968330913
215.40144177188983576343 8.72360977755214150875
218.54609585994012377341 8.72905145761195555565
218.54609585994012377341 8.72905145761195555565
221.69074994799044020510 8.73468257579397366897
218.54609585994012377341 8.72905145761195555565
221.69074994799044020510 8.73468257579397366897
218.54609585994012377341 8.72905145761195555565
218.54609585994012377341 8.72905145761195555565
263.27990626007579066936 8.27070613725963177387
300.38091578718700702666 7.05496107525267568406
337.23094084106952550428 5.25835169172099980983
347.63929743872239441771 4.46780320752433457443
408773.33392118714982643723 5335.02017226699808816193
509328.85994324123021215200 6647.90354132123411545763
603601.75095242704264819622 7878.74348825544075225480
465.26114758184064612578 12.66521671980527941059
475.66950417949345819579 15.10710633402477753862
486.84557088967414983927 17.11304475875913055916
504.69480083221958466311 18.93420185772980701699
924089.54140426451340317726 12063.38757517395606555510
489.42919908617068358581 20.61768811434974324470
552.01223942885167161876 23.31581265999501795250
597.52851663435728823970 26.80905368720882719913
618.84719877612030813907 29.52036418640898673971
646.45518909398367668473 32.27501326475820775386
1470900.67020127968862652779 19202.41604600763821508735
712.58149527382101950934 37.92097124511744965503
761.24242656737692414026 41.45253576785443527797
798.99303231682290515892 44.86133548307446261560
1942288.48131852177903056145 25356.74542536848457530141
871.92537231206006254070 51.27744585262176002516
2155978.14971483126282691956 28146.67546624932947452180
903.13568541217671281629 55.90681393909654417484
2250229.35294351167976856232 29377.40120788299464038573
2350808.23503687931224703789 30690.41070919980484177358
984.02562439160567464569 62.30565789840842683134
2589665.14588243933394551277 33808.71292231888219248503
1124.47206351585873562726 69.13725937233031970663
2910248.02891033841297030449 37993.86530519813095452264
1289.82475087128545965243 77.34781368777780130586
3255973.13002536678686738014 42507.25676788687269436195
1455.17743822671218367759 85.56018472004905106587
3658286.99010802805423736572 47759.28597974339936627075
1681.88778711808936350280 95.14699178246921462687
1856.98447815599274690612 101.06071283707656505158
4418941.27005569636821746826 57689.06149513395212125033
4481767.62018437962979078293 58509.50380172850418603048
4475456.62422777339816093445 58427.30866694070573430508
1932.36757576469108244055 110.10393759631057264414
1929.03099414850862558524 110.21733863373681572284
4475438.27302888408303260803 58427.21103537618910195306
1949.18335442863781281631 110.52074712550493984509
4576045.51606598962098360062 59740.37145704399154055864
4745805.11980565544217824936 61956.24927461644256254658
4940706.94163245148956775665 64500.36620286366087384522
2337.23069945124098012457 120.34568233175946261326
5223614.03407283779233694077 68193.35986279425560496747
2611.28803049866337460116 126.90824292220278834975
2762.24618341791983766598 130.96119685008289934558
2947.98745883386209243326 135.09753202306663411036
3046.82998495318815912469 137.94781786221253128133
3085.98314034465420263587 139.34401872370929709177
6235855.65568180475383996964 81406.40593405280378647149
6248427.59887077286839485168 81570.52990667881385888904
3112.94153444018320442410 140.40897921309618823216
3111.27324363209208968328 140.46342495012348194905
3115.89426100010177833610 140.55571034959504572726
3115.89426100010177833610 140.55571034959504572726
6267288.85023584309965372086 81816.73364260770904365927
6267288.85023584309965372086 81816.73364260770904365927
6267287.18194503523409366608 81816.72475408828177023679
3120.51527836811146698892 140.64800417386024378175
6273576.49012113548815250397 81898.80451747926417738199
6267287.18194503523409366608 81816.72475408828177023679
6267287.18194503523409366608 81816.72475408828177023679
6267287.18194503523409366608 81816.72475408828177023679
6273576.49012113548815250397 81898.80451747926417738199
6273576.49012113548815250397 81898.80451747926417738199
3120.51527836811146698892 140.64800417386024378175
3120.51527836811146698892 140.64800417386024378175
6273574.82183032762259244919 81898.79562891217938158661
6273576.49012113548815250397 81898.80451747926417738199
3120.51527836811146698892 140.64800417386024378175
6273576.49012113548815250397 81898.80451747926417738199
3118.84698756002035224810 140.70244160048963522058
6267287.18194503523409366608 81816.72475408828177023679
3118.84698756002035224810 140.70244160048963522058
6267285.51365422643721103668 81816.71586562215816229582
6273574.82183032762259244919 81898.79562891217938158661
3125.13629573612024614704 140.74030640634470046280
6273574.82183032762259244919 81898.79562891217938158661
5965435.42359917424619197845 77877.08291143312817439437
5638444.78374780062586069107 73609.22006717715703416616
5336616.38147325348109006882 69669.70313428647932596505
5116545.64890639856457710266 66797.20524469031079206616
2056.29349077675169610302 124.92751851464784351720
4795884.35621051955968141556 62611.63588134484598413110
4607256.82794255204498767853 60149.51915139061748050153
1635.26418464858943480067 116.11957172293789142259
1470.44297962530390577740 111.90512704727916570846
1307.67392046637360181194 107.38579566217026695085
3576180.64762144489213824272 46690.41490751945821102709
949.13908435011160236172 96.06817433011408979837
775.19395848100032253569 89.49859711667947692604
635.64810005231049672147 83.21551021215344690063
511.63358453574062423286 77.13833216071672893577
412.00859161104489203353 71.69567560219141455491
1954344.92264779051765799522 25518.13515447145255166106
244.72187228145634207976 61.68344094685250666998
1489208.04901806288398802280 19445.68358432624518172815
1231511.57458793814294040203 16081.29432761094176385086
-29.71928364850112203044 41.69085601785720740509
-46.49076206019327628383 36.87750569615923268429
571594.66436040517874062061 7465.37715509477402520133
-216.24299569608498927664 21.16599852454748997843
194544.80759386433055624366 2542.24767829229358540033
56290.13491298452572664246 737.13327507533119842265
-240.23387636512504172970 9.59529320531390617077
-213.54122343566669428583 8.52914951583458247342
-200.19489697093752056389 7.99607767109492240110
-6482.82990983920171856880 83.47470395496004869074
-6477.82503741492837434635 83.42990389883914303937
-182.03562561006688724774 7.39094725557857668008
-186.65664297807637694859 7.33538704071831126896
-181.84369808193491735437 7.26310388457788658201
-180.17540727384377419185 7.19646990398543007217
-177.03075318579345776016 7.19104842361722607080
-180.17540727384377419185 7.19646990398543007217
-180.17540727384377419185 7.19646990398543007217
-180.17540727384377419185 7.19646990398543007217
-180.17540727384377419185 7.19646990398543007217
-180.17540727384377419185 7.19646990398543007217
-178.50711646575263102932 7.12983592339297178597
-180.17540727384377419185 7.19646990398543007217
-181.65177055380294746101 7.13548825670978459357
-175.36246237770231459763 7.12441551841089104613
6110.80105963487585540861 81.42506734631226095189
-180.17540727384377419185 7.19646990398543007217
-207650.60384142241673544049 2709.19576251917715126183
-363.82023657317660081389 4.92043832368758948803
-430.84712344857706511903 9.44142357492193795565
-490.30026639604983529352 14.91113620534954442576
-949266.79359836410731077194 12391.81346453991682210471
-539.62555060478223367681 23.11044633075646359543
-1175503.38082152092829346657 15345.73365755837221513502
-1326346.67959945066832005978 17315.11470618020030087791
-1552628.31067442591302096844 20269.27515985380159690976
-754.95311839127634812030 41.41847827116655622604
-1810283.07783434842713177204 23633.44372006028061150573
-1961136.38635712652467191219 25602.87813580071451724507
-2206284.27366959583014249802 28803.26896302322347764857
-2394836.72885119961574673653 31264.98655637890624348074
-2595974.47354823723435401917 33890.89911391891655512154
-1228.31946205945769179380 71.77573026791631605192
-1348.61354090358145185746 78.31021188435882152135
-3431998.68586981995031237602 44805.08998395191883901134
-3683434.21306758187711238861 48087.55167360662744613364
-1720.27323239702809587470 97.05423899311190893968
-1852.62920195405376944109 102.93379826888156003406
-1837.11261573477668207488 105.93003689449935222910
-4280538.11949289683252573013 55883.10311490508320275694
-1790.40047310822455983725 107.52444281642692658352
-4280516.43171239178627729416 55882.98776997890672646463
-1782.05901906776875875948 107.81007458882406524481
-4324531.57920024730265140533 56457.49264939373824745417
-4425133.81736492831259965897 57770.62639996680081821978
-4613751.33588804770261049271 60232.69011501705244882032
-2081.79030845889201373211 115.15776348729241362889
-2205.40621222635672893375 118.37754093863755144866
-5167013.59706954844295978546 67454.65988218026177491993
-2501.03320988876976116444 126.40867657940496826541
-5556800.55781505908817052841 72542.80503640977258328348
-2717.01040407132722975803 132.57842673177509595916
-5952905.18768040835857391357 77713.18107023726042825729
-3018.08518615937509821379 139.13166771253958131638
-6210671.73032447230070829391 81077.94468055140168871731
-6242101.58829689491540193558 81488.25461270075174979866
-3084.19673564637014351320 141.59198221230778358404
-6267250.47954725660383701324 81816.52922014675277750939
-6273536.45114174112677574158 81898.59120656609593424946
-6273539.78772335778921842575 81898.60898130403074901551
-6273534.78285093326121568680 81898.58231927701854147017
-3086.76560715002415236086 141.99478406971789468116
-3088.43389795811526710168 141.94012801319809113920
-6273538.11943254899233579636 81898.60009390844788867980
-3088.43389795811526710168 141.94012801319809113920
-6279827.42760865017771720886 81980.67985515922191552818
-6279824.09102703351527452469 81980.66208032373106107116
-3091.77047957429749658331 141.83084662978572509928
-3085.09731634193303762004 142.04945035368240269236
-6279824.09102703351527452469 81980.66208032373106107116
-6279827.42760865017771720886 81980.67985515922191552818
-3096.39149694230718523613 141.92296966391194246171
-6279827.42760865017771720886 81980.67985515922191552818
-3083.42902553384192287922 142.10412685328847715027
-6279829.09589945804327726364 81980.68874265675549395382
-6279829.09589945804327726364 81980.68874265675549395382
-6279827.42760865017771720886 81980.67985515922191552818
-3089.71833370994272627286 142.14153589406251398941
-3093.05491532612495575449 142.03223229930551951838
-3093.05491532612495575449 142.03223229930551951838
-6279822.42273622564971446991 81980.65319298578833695501
-6279825.75931784138083457947 81980.67096771487558726221
-6279822.42273622564971446991 81980.65319298578833695501
-6279827.42760865017771720886 81980.67985515922191552818
-3096.39149694230718523613 141.92296966391194246171
-3093.05491532612495575449 142.03223229930551951838
-3093.05491532612495575449 142.03223229930551951838
-3093.05491532612495575449 142.03223229930551951838
-3097.86786022226624481846 141.99634386175401346009
-3097.86786022226624481846 141.99634386175401346009
-3091.38662451803384101368 142.08687898267069726899
-3093.05491532612495575449 142.03223229930551951838
-6279824.09102703351527452469 81980.66208032373106107116
-6279827.42760865017771720886 81980.67985515922191552818
-3088.05004290185161153204 142.19620302168678449561
-3091.38662451803384101368 142.08687898267069726899
-3094.53127860608401533682 142.10560737877281667352
-3099.34422350222575914813 142.06971807900652038370
-3097.86786022226624481846 141.99634386175401346009
-6260962.83966196421533823013 81734.45834642996487673372
-2930.68446791630094594439 140.29981360601655637765
-2832.49153801930924601038 139.14869542802875912457
-2742.64006216277448402252 137.72669604806728216317
-2605.42684745735232354491 136.17597557878687553057
-5550376.11808350309729576111 72460.00596735099679790437
-2298.52042588740687278914 131.50599487563161460457
-2139.35368951072905474575 128.77203011561184098355
-1972.80513673425548404339 125.68904704856478815600
-1812.92974719014659967797 122.39342032196881859818
-1703.17689552671095043479 119.48535135082740055168
-1553.11932330301715410315 115.99854352557365189114
-4104248.97370076505467295647 53583.86917953680676873773
-1353.05732708884352177847 109.91284605426533005357
-1285.46941432188918952306 107.42025363475578103589
-1203.82652192277464564540 104.80225976037733914836
-1085.21549057958372941357 101.49914750166635712958
-3293261.87714540213346481323 42997.36046345437353011221
-844.39110511094941102783 93.04385280526975066095
-765.95192374498128629057 89.32905564544384446890
-671.98139946689389034873 85.42590908007842642746
-575.05814862888792049489 81.38588383026055339542
-473.89773547913682705257 77.00542800814027089018
-367.21572426581280979008 72.08167806823203704880
-282.73821919697269322569 67.10867673193722282576
-1728033.26233826950192451477 22563.81691326028885669075
-1514320.23787064687348902225 19773.76400419698256882839
-44.32032126327324306203 51.69454483274384415381
-1137211.99092582287266850471 14850.31297803006600588560
71.50036748871838199193 41.12491941911818571498
-785264.31326701748184859753 10255.19891186531276616734
-615576.44603209919296205044 8039.70479969810912734829
203.90060712427035127803 25.72058033439252611174
-269921.41313101071864366531 3526.69806224125886728871
-112812.16224829372367821634 1475.38999889711567448103
-5987.34753983613154559862 81.33553654606656380111
261.72972934217796137091 10.33388346111417455120
241.90216717321618489223 9.66192718590636445697
236.70536722081075708957 9.33438231957461894694
228.55584070848701117029 9.12885534116670349647
226.69562237226389811440 8.93458239967574385787
221.88267747612243852018 8.86231941879687212804
217.06973257998097892596 8.79024303967631048806
220.21438666803129535765 8.79568543820441384185
218.54609585994012377341 8.72905145761195555565
221.69074994799044020510 8.73468257579397366897
218.54609585994012377341 8.72905145761195555565
215.40144177188983576343 8.72360977755214150875
215.40144177188983576343 8.72360977755214150875
216.87780505184898061088 8.66241747701949904581
213.73315096379866417919 8.65697652648822213450
215.40144177188983576343 8.72360977755214150875
216.87780505184898061088 8.66241747701949904581
216.87780505184898061088 8.66241747701949904581
216.87780505184898061088 8.66241747701949904581
220.02245913989929704258 8.66804932287449503292
216.87780505184898061088 8.66241747701949904581
216.87780505184898061088 8.66241747701949904581
216.87780505184898061088 8.66241747701949904581
216.87780505184898061088 8.66241747701949904581
220.02245913989929704258 8.66804932287449503292
216.87780505184898061088 8.66241747701949904581
220.02245913989929704258 8.66804932287449503292
249.41685415604734998851 8.41783735785895892434
295.75989841917748890410 7.08923515635234391397
232807.83654582491726614535 3037.51486329850922629703
320788.08279729390051215887 4186.25278932147284649545
427636.25357706478098407388 5581.23282247478255158057
572191.91246970184147357941 7468.54093675201147561893
483.22849141457930954857 12.40411978747209786889
531.63843823490651629982 16.93878381386055664848
1012131.51441563281696289778 13212.46000293578254058957
1137827.59023400838486850262 14853.57512725693231914192
648.87643332176094190800 28.53743428727713649096
704.15147090258449225075 32.93336791472155056226
740.94243901137042485061 36.97216175138968452529
1772625.63844572496600449085 23141.38251985174792935140
876.78261746045609470457 46.91671325489927824037
927.24471014513835598336 51.37374644633882070366
2218856.21685856487601995468 28967.39293492349315783940
2313122.43470451794564723969 30198.19848869310226291418
2476556.02787030581384897232 32331.80124400328350020573
1172.46864189423763491504 67.74384489308819468079
1241.41480405095785499725 72.56597407003134492243
1278.78155474413983938575 76.23971441790556013984
3167964.52283015986904501915 41358.36235063165804604068
1399.78428675569512051879 83.36834169239422465125
1491.89459269755957393500 87.52374692901578612236
1585.48126191938285955985 91.75338688501007311515
3884578.63092785188928246498 50713.49972581738984445110
1746.98064201932811556617 99.35794115313314023297
1847.62432952978019784496 103.10329890015582066098
1977.66241205638038991310 107.33672569017107889522
2099.74289559878843647311 111.59601277506754968272
4896720.15508833341300487518 63926.01222190271073486656
2406.22116186021594330668 120.86419307517128629570
2612.43959566745434131008 126.13663056306471332846
2720.84895463396696868585 130.00705460991579798247
5808324.50442564953118562698 75825.73760850417602341622
5984370.07975979987531900406 78123.67762034780753310770
6110116.20430241804569959641 79765.05954889037820976228
3070.45179743253493143129 139.12170508304515692544
3093.17302921631790013635 139.83867766708115709662
3099.07848233615504796035 140.13214544141951023448
3108.32051707217351577128 140.31669283468562525741
6254713.57046525739133358002 81652.59189299271383788437
3112.94153444018320442410 140.40897921309618823216
6261001.21035055071115493774 81734.66276777879102155566
6261001.21035055071115493774 81734.66276777879102155566
6261001.21035055071115493774 81734.66276777879102155566
3115.89426100010177833610 140.55571034959504572726
6260999.54205974191427230835 81734.65387930715223774314
3115.89426100010177833610 140.55571034959504572726
3117.56255180819289307692 140.50127402381264118958
6267288.85023584309965372086 81816.73364260770904365927
3115.89426100010177833610 140.55571034959504572726
3115.89426100010177833610 140.55571034959504572726
6267287.18194503523409366608 81816.72475408828177023679
6273578.15841194335371255875 81898.81340609960898291320
3114.22597019201066359528 140.61015717798903779112
6267287.18194503523409366608 81816.72475408828177023679
3120.51527836811146698892 140.64800417386024378175
6166668.26087227277457714081 80503.50188835500739514828
5927706.24770580325275659561 77384.63991712487768381834
2619.02415839530976882088 134.49237966607233829563
5386920.83713721018284559250 70326.28779201528232078999
2146.27783721632295055315 127.29704313048014796550
4821021.56942522525787353516 62939.84834197717282222584
1752.59078023995334660867 119.26063739226803761539
1570.56994149645697689266 114.88774699187443673054
1364.54343521734972455306 109.63232136221945722809
3789938.71594088571146130562 49480.70814418425288749859
1194.31874602068501189933 102.63260027551739028695
1093.48313098210064708837 99.07013991825496646015
992.64751594351673702477 95.51409336048021714305
3111000.39843070693314075470 40617.73129753953980980441
856.05438407474548512255 89.35136092396680851380
812.14734073223439736466 86.90536852005234891294
736.98568403735202991811 84.20379155268437898485
2645830.15898481709882616997 34545.10113274809555150568
2469809.60801278799772262573 32247.29532826277136337012
492.36704825833243148736 74.05438860013445889763
2086356.99929519626311957836 27241.47149751939650741406
296.20265955189512396828 64.33173096045057093306
1640066.36241326527670025826 21415.14363032936307718046
125.44648802308894630642 53.46361331084295898108
1225235.61273830221034586430 15999.28518785521373501979
-44.29098891996073916744 40.84989962926395179466
741294.20963098003994673491 9680.93244283827880281024
489902.05799422878772020340 6398.70523885158763732761
282516.71239129285095259547 3690.94139756362119442201
-255.29279389019998802723 14.46923567743480454340
-259.16085783852355461931 10.71215618022729643144
-226.69562237226389811440 8.93458239967574385787
-202.05511530716066204150 8.19054410140245714445
-192.04537045861377464462 7.79074539826428136280
-190.18515212239066158872 7.59627378754017534845
-186.84857050620834684196 7.46300582635526055242
-186.65664297807637694859 7.33538704071831126896
-184.98835216998523378606 7.26875409341706379962
-181.84369808193491735437 7.26310388457788658201
-177.03075318579345776016 7.19104842361722607080
-180.17540727384377419185 7.19646990398543007217
-183.32006136189409062354 7.20212116523567669191
-178.50711646575263102932 7.12983592339297178597
6110.80105963487585540861 81.42506734631226095189
-175.36246237770231459763 7.12441551841089104613
-175.36246237770231459763 7.12441551841089104613
-178.50711646575263102932 7.12983592339297178597
-178.50711646575263102932 7.12983592339297178597
-178.50711646575263102932 7.12983592339297178597
-178.50711646575263102932 7.12983592339297178597
-178.50711646575263102932 7.12983592339297178597
-178.50711646575263102932 7.12983592339297178597
-177.03075318579345776016 7.19104842361722607080
-178.50711646575263102932 7.12983592339297178597
-181.65177055380294746101 7.13548825670978459357
-181.65177055380294746101 7.13548825670978459357
-175.36246237770231459763 7.12441551841089104613
6110.80105963487585540861 81.42506734631226095189
-178.50711646575263102932 7.12983592339297178597
-178.50711646575263102932 7.12983592339297178597
-178.50711646575263102932 7.12983592339297178597
-178.50711646575263102932 7.12983592339297178597
-223.24092686588829792527 6.68015471516028469523
-267.91568032092726525661 5.40692184073855575122
-306.81785123916495194862 4.24155390612154103991
-345896.93506826175143942237 4514.31136829208116978407
-496740.23384619137505069375 6483.69018777410565235186
-406.33948696650918464002 10.69927931467939430377
-748127.38061051839031279087 9765.89236745576818066183
-917830.26246270944830030203 11981.46794408140522136819
-1093810.77445534453727304935 14279.06118638965745049063
-1206926.56563071091659367085 15756.00804230853100307286
-621.16508580654578963731 31.15626270075662773706
-672.39488860375627155008 35.08975803508032953459
-724.52527209652964756970 39.48851981702232905036
-1728572.12026928295381367207 22566.67340128707292024046
-1847988.89765640650875866413 24125.76239112066105008125
-848.30355983271329023410 50.10417057273509300330
-2231416.48201187700033187866 29131.45478749976246035658
-2438836.86172178294509649277 31839.41158307264777249657
-2652544.88131698127835988998 34629.43923899695801082999
-1191.86804875468078535050 71.78354658357379491918
-3048532.73082576366141438484 39799.19349765223159920424
-1373.40167524456228420604 81.91818395751741377353
-1504.08935399349661565793 87.84994598658646225431
-3865739.06734328716993331909 50467.41139892360661178827
-1894.46934273936767567648 102.50611445842993418864
-2115.52522298413714452181 110.57418006265044141401
-5009887.66327875014394521713 65403.23455532800289802253
-2513.34608507490111151128 124.52832166957207959967
-5663715.46022715326398611069 73938.14309505092387553304
-2933.87342225660540862009 136.04725172533679256048
-3008.84315142335572090815 138.94754729398277959262
-6204382.42214837204664945602 80995.86491982454026583582
-6242109.92975093517452478409 81488.29904925546725280583
-3074.57084585408711063792 141.66386675558635488414
-3077.52357241400568454992 141.81062005399019199103
-3077.52357241400568454992 141.81062005399019199103
-3087.14946220628871742520 141.73873216686610021497
-6273538.11943254899233579636 81898.60009390844788867980
-3088.43389795811526710168 141.94012801319809113920
-6273541.45601416565477848053 81898.61786875287361908704
-6273539.78772335778921842575 81898.60898130403074901551
-3086.76560715002415236086 141.99478406971789468116
-3088.43389795811526710168 141.94012801319809113920
-6273534.78285093326121568680 81898.58231927701854147017
-6273539.78772335778921842575 81898.60898130403074901551
-6279827.42760865017771720886 81980.67985515922191552818
-3090.10218876620638184249 141.88548219594233046337
-3090.10218876620638184249 141.88548219594233046337
-3086.76560715002415236086 141.99478406971789468116
-3088.43389795811526710168 141.94012801319809113920
-3088.43389795811526710168 141.94012801319809113920
-6279829.09589945804327726364 81980.68874265675549395382
-6279824.09102703351527452469 81980.66208032373106107116
-3089.71833370994272627286 142.14153589406251398941
-6279825.75931784138083457947 81980.67096771487558726221
-3089.71833370994272627286 142.14153589406251398941
-6279822.42273622564971446991 81980.65319298578833695501
-3091.38662451803384101368 142.08687898267069726899
-3085.09731634193303762004 142.04945035368240269236
-6279825.75931784138083457947 81980.67096771487558726221
-3089.71833370994272627286 142.14153589406251398941
-3066.22939181363108218648 141.93739003963474942793
-3069.56597342981331166811 141.82795010819140202329
-6260957.83478953968733549118 81734.43168485669593792409
-6254671.86319505516439676285 81652.36969842092366889119
-6260961.17137115634977817535 81734.44945918551820795983
-6260957.83478953968733549118 81734.43168485669593792409
-6254673.53148586396127939224 81652.37858556286664679646
-3067.89768262172219692729 141.88266497881321015484
-6260962.83966196421533823013 81734.45834642996487673372
-3077.52357241400568454992 141.81062005399019199103
-3072.51869998973188558011 141.97470585247549479391
-6267247.14296564087271690369 81816.51144561317050829530
-3072.51869998973188558011 141.97470585247549479391
-6260961.17137115634977817535 81734.44945918551820795983
-6260961.17137115634977817535 81734.44945918551820795983
-3072.51869998973188558011 141.97470585247549479391
-6267247.14296564087271690369 81816.51144561317050829530
-3079.19186322209679929074 141.75594522457737411969
-6267250.47954725660383701324 81816.52922014675277750939
-3077.52357241400568454992 141.81062005399019199103
-3074.18699079782345506828 141.92000037975248005750
-6260961.17137115634977817535 81734.44945918551820795983
-3074.18699079782345506828 141.92000037975248005750
-3074.18699079782345506828 141.92000037975248005750
-3072.51869998973188558011 141.97470585247549479391
-6267245.47467483207583427429 81816.50255842633487191051
-3072.51869998973188558011 141.97470585247549479391
-6110029.45318039786070585251 79764.59745073193334974349
-2723.38828257820796352462 137.87799757132336253562
-2527.77013289675414853264 135.09540069708174314655
-2295.18384427122464330751 131.61945844378570313893
-5047338.23460717033594846725 65894.19512246605881955475
-1866.32980974190559209092 123.77656787758755285722
-4512902.19068376906216144562 58918.24363258204539306462
-1537.39605286276582774008 115.92571521502793530090
-1400.49287957566934892384 112.11749410793878212189
-1260.82890725678612398042 108.04325774509220536856
-3639023.68065820820629596710 47510.94616055113147012889
-3425273.95379280764609575272 44720.69733515226107556373
-945.41864767766560362361 96.45329359916891576177
-3092104.11295866733416914940 40371.34192219404940260574
-2916086.89856825442984700203 38073.55365959319169633090
-671.98139946689389034873 85.42590908007842642746
-610.35799676487260967406 82.11772760253469982672
-521.00848985479490238504 78.31084533883432641233
-449.05054419305963619991 74.50548161966607096929
-341.79275039533956714877 69.98451359935667426271
-252.31037290222602109679 65.19976334125807682085
-151.40094422570331289535 59.58800182460998939860
-93.74896266935716937496 54.65178500531297345333
4.53253755841463501497 48.34222586672168375799
87.60749298523391814797 41.35899637812166673712
144.43270748395565306055 34.79594910146154518316
215.82962725413696603027 27.44615671476104168391
-244767.51700822435668669641 3198.40189650230513507267
297.13293467551397952775 15.14953595536618458084
291.95089141595053661149 11.66094660368009350293
255.24849363794535861416 10.19499903064602541747
238.56558555703389856717 9.52865922472144966093
230.22413151657815433282 9.19548932175915822995
225.21925909230472484523 8.99558737998178692408
225.02733156417275495187 8.86794911443926459071
218.54609585994012377341 8.72905145761195555565
218.54609585994012377341 8.72905145761195555565
216.87780505184898061088 8.66241747701949904581
216.87780505184898061088 8.66241747701949904581
213.73315096379866417919 8.65697652648822213450
215.20951424375783744836 8.59578349642704075961
212.06486015570752101667 8.59034328674192160236
215.20951424375783744836 8.59578349642704075961
212.06486015570752101667 8.59034328674192160236
215.20951424375783744836 8.59578349642704075961
215.20951424375783744836 8.59578349642704075961
215.20951424375783744836 8.59578349642704075961
215.20951424375783744836 8.59578349642704075961
215.20951424375783744836 8.59578349642704075961
213.54122343566669428583 8.52914951583458247342
212.06486015570752101667 8.59034328674192160236
213.54122343566669428583 8.52914951583458247342
213.54122343566669428583 8.52914951583458247342
215.20951424375783744836 8.59578349642704075961
215.20951424375783744836 8.59578349642704075961
213.54122343566669428583 8.52914951583458247342
213.54122343566669428583 8.52914951583458247342
218.35416833180815388005 8.60141608122932055380
6504.51769034438711969415 83.67407918227769414443
216.68587752371701071752 8.53478285112250922850
210.39656934761637785414 8.52371005857866492761
215.20951424375783744836 8.59578349642704075961
215.20951424375783744836 8.59578349642704075961
213.54122343566669428583 8.52914951583458247342
218.35416833180815388005 8.60141608122932055380
6504.51769034438711969415 83.67407918227769414443
213.54122343566669428583 8.52914951583458247342
213.54122343566669428583 8.52914951583458247342
216.68587752371701071752 8.53478285112250922850
215.20951424375783744836 8.59578349642704075961
213.54122343566669428583 8.52914951583458247342
213.54122343566669428583 8.52914951583458247342
215.20951424375783744836 8.59578349642704075961
213.54122343566669428583 8.52914951583458247342
213.54122343566669428583 8.52914951583458247342
218.35416833180815388005 8.60141608122932055380
215.20951424375783744836 8.59578349642704075961
213.54122343566669428583 8.52914951583458247342
215.20951424375783744836 8.59578349642704075961
213.54122343566669428583 8.52914951583458247342
215.20951424375783744836 8.59578349642704075961
6504.51769034438711969415 83.67407918227769414443
213.54122343566669428583 8.52914951583458247342
